"Species" "Location" "campaign" "Fis.sca.bone" "Fish" "Decapoda" "Spongilla" "Rotifer" "Protozoa" "Aq.insec" "Nematoda" "Aq.seed" "Aq.p.root" "Veneroida" "Pie.s.rock" "Plecoptera" "Coleoptera" "Trichoptera" "Odo0ta" "Orthoptera" "Hymenoptera" "Mermithida" "Gastropoda" "Rhynchobdellida" "Ephemeroptera" "Megaloptera" "Hemiptera" "Diptera" "Amphipoda" "Haplotaxida" "Trombidiformes" "Arhynchobdellida" "Diplostraca"
"1" "A. testudineus" "CK" "HW" 50 0 0 10 0 10 0 0 0 5 0 0 0 0 0 0 0 0 0 0 0 0 0 0 0 0 0 0 0 0
"2" "A. testudineus" "CK" "HW" 0 0 0 5 0 0 0 0 0 5 0 0 0 0 0 0 0 0 0 0 0 0 0 0 0 0 0 0 0 0
"3" "A. testudineus" "CK" "HW" 0 0 0 5 0 5 1 0 0 0 0 0 0 0 0 0 0 0 0 0 0 0 0 0 0 0 0 0 0 0
"4" "A. testudineus" "CK" "HW" 0 0 0 0 0 0 0 0 0 0 0 0 0 0 0 0 0 0 0 0 0 0 0 0 0 0 0 0 0 0
"5" "A. testudineus" "CK" "HW" 0 0 0 10 0 0 0 0 0 0 0 0 0 0 0 0 0 0 0 0 0 0 0 0 0 0 0 0 0 0
"6" "A. testudineus" "CK" "HW" 0 0 0 10 0 15 0 0 0 0 0 0 0 0 0 0 0 0 0 0 0 0 0 0 0 0 0 0 0 0
"7" "A. testudineus" "CK" "HW" 65 0 0 10 0 0 5 0 0 5 0 0 0 0 0 0 0 0 0 0 0 0 0 0 0 0 0 0 0 0
"8" "A. testudineus" "CK" "HW" 30 0 0 10 3 10 15 0 0 5 0 0 0 0 0 0 0 0 0 0 0 0 0 0 0 0 0 0 0 0
"9" "A. testudineus" "CK" "HW" 75 0 0 5 0 5 10 0 0 3 0 0 0 0 0 0 0 0 0 0 0 0 0 0 0 0 0 0 0 0
"10" "A. testudineus" "CK" "HW" 65 0 0 5 0 10 0 0 0 0 0 0 0 0 0 0 0 0 0 0 0 0 0 0 0 0 0 0 0 0
"11" "A. testudineus" "CK" "HW" 15 0 0 5 0 5 0 0 0 0 0 0 0 0 0 0 0 0 0 0 0 0 0 0 0 0 0 0 0 0
"12" "A. testudineus" "CK" "HW" 40 0 0 15 15 5 10 0 0 10 0 0 0 0 0 0 0 0 0 0 0 0 0 0 0 0 0 0 0 0
"13" "A. testudineus" "CK" "HW" 75 0 0 5 0 15 0 0 0 10 5 0 0 0 0 0 0 0 0 0 0 0 0 0 0 0 0 0 0 0
"14" "A. testudineus" "CK" "HW" 25 0 0 5 0 0 30 5 0 5 0 0 0 0 0 0 0 0 0 0 0 0 0 0 0 0 0 0 0 0
"15" "A. testudineus" "CK" "HW" 0 0 0 5 0 3 60 0 0 10 0 0 0 0 0 0 0 0 0 0 0 0 0 0 0 0 0 0 0 0
"16" "A. testudineus" "CT" "HW" 50 0 0 3 0 2 30 0 0 5 0 0 0 0 0 0 0 0 0 0 0 0 0 0 0 0 0 0 0 0
"17" "A. testudineus" "CT" "HW" 0 0 0 15 0 5 0 0 0 0 0 0 0 0 0 0 0 0 0 0 0 0 0 0 0 0 0 0 0 0
"18" "A. testudineus" "CT" "HW" 0 0 0 3 0 5 90 0 0 10 0 0 0 0 0 0 0 0 0 0 0 0 0 0 0 0 0 0 0 0
"19" "A. testudineus" "CT" "HW" 0 0 0 0 0 0 15 0 0 0 0 0 0 0 0 0 0 0 0 0 0 0 0 0 0 0 0 0 0 0
"20" "A. testudineus" "CT" "HW" 0 0 0 5 0 5 90 0 0 5 0 0 0 0 0 0 0 0 0 0 0 0 0 0 0 0 0 0 0 0
"21" "A. testudineus" "CT" "HW" 0 0 0 10 0 10 0 0 0 10 0 0 0 5 0 0 0 0 0 0 0 0 0 0 0 0 0 0 0 0
"22" "A. testudineus" "CT" "HW" 35 0 0 5 0 10 0 0 0 0 0 0 0 0 30 0 0 0 0 0 0 0 0 0 0 0 0 0 0 0
"23" "A. testudineus" "CT" "HW" 0 0 0 10 0 5 5 0 0 0 0 0 0 0 0 0 0 0 0 0 0 0 0 0 0 0 0 0 0 0
"24" "A. testudineus" "CT" "HW" 0 0 0 15 0 5 5 0 0 0 0 0 0 0 0 0 0 0 0 0 0 0 0 0 0 0 0 0 0 0
"25" "A. testudineus" "CT" "HW" 0 0 0 15 0 10 0 0 10 60 0 0 0 0 0 0 0 0 0 0 0 0 0 0 0 0 0 0 0 0
"26" "A. testudineus" "CT" "HW" 0 0 0 0 0 5 50 0 40 5 0 0 0 0 0 0 0 0 0 0 0 0 0 0 0 0 0 0 0 0
"27" "A. testudineus" "CT" "HW" 25 0 0 10 0 15 50 0 0 10 15 0 0 0 0 0 0 0 0 0 0 0 0 0 0 0 0 0 0 0
"28" "A. testudineus" "CT" "HW" 0 0 0 5 0 10 10 0 0 5 0 0 0 0 0 0 0 0 0 0 0 0 0 0 0 0 0 0 0 0
"29" "A. testudineus" "CT" "HW" 0 0 0 15 0 5 0 0 0 0 0 0 0 0 0 0 0 0 0 0 0 0 0 0 0 0 0 0 0 0
"30" "A. testudineus" "CT" "HW" 15 0 0 15 0 10 0 0 0 0 0 0 0 0 0 0 0 0 0 0 0 0 0 0 0 0 0 0 0 0
"31" "A. testudineus" "KL" "HW" 0 0 0 25 0 0 5 0 0 0 0 0 0 0 0 0 0 0 0 0 0 0 0 0 0 0 0 0 0 0
"32" "A. testudineus" "KL" "HW" 0 0 0 10 0 10 0 0 0 3 0 0 0 0 0 0 0 0 0 0 0 0 0 0 0 0 0 0 0 0
"33" "A. testudineus" "KL" "HW" 5 0 0 20 0 0 0 0 0 5 0 0 0 0 0 0 0 0 0 0 0 0 0 0 0 0 0 0 0 0
"34" "A. testudineus" "KL" "HW" 20 0 0 10 0 10 0 0 5 0 0 0 0 0 0 0 0 0 0 0 0 0 0 0 0 0 0 0 0 0
"35" "A. testudineus" "KL" "HW" 90 0 0 0 0 0 0 0 0 2 0 0 0 0 0 0 0 0 0 0 0 0 0 0 0 0 0 0 0 0
"36" "A. testudineus" "KL" "HW" 95 0 0 0 0 0 0 0 0 2 0 0 0 0 0 0 0 0 0 0 0 0 0 0 0 0 0 0 0 0
"37" "A. testudineus" "BC" "HW" 0 0 0 15 0 5 0 0 0 5 5 0 0 0 0 0 0 0 0 0 0 0 0 0 0 0 0 0 0 0
"38" "A. testudineus" "BC" "HW" 0 0 0 20 0 10 0 0 0 0 0 0 0 0 0 0 0 0 0 0 0 0 0 0 0 0 0 0 0 0
"39" "A. testudineus" "BC" "HW" 0 0 0 10 0 0 50 0 0 10 25 0 0 0 0 0 0 0 0 0 0 0 0 0 0 0 0 0 0 0
"40" "A. testudineus" "BC" "HW" 80 0 0 10 0 5 0 0 0 5 0 0 0 0 0 0 0 0 0 0 0 0 0 0 0 0 0 0 0 0
"41" "A. testudineus" "BC" "HW" 0 0 0 5 0 0 15 0 0 0 0 0 0 0 0 0 0 0 0 0 0 0 0 0 0 0 0 0 0 0
"42" "A. testudineus" "BC" "HW" 0 0 0 25 5 0 0 0 0 5 0 0 0 0 0 0 0 0 0 0 0 0 0 0 0 0 0 0 0 0
"43" "A. testudineus" "BC" "HW" 0 0 0 20 0 5 0 0 0 0 1 0 0 0 0 0 0 0 0 0 0 0 0 0 0 0 0 0 0 0
"44" "A. testudineus" "BC" "HW" 0 0 0 0 0 0 0 0 0 0 0 0 0 0 0 0 0 0 0 0 0 0 0 0 0 0 0 0 0 0
"45" "A. testudineus" "BC" "HW" 0 0 0 20 0 5 0 0 0 0 0 0 0 0 0 0 0 0 0 0 0 0 0 0 0 0 0 0 0 0
"46" "A. testudineus" "BC" "HW" 0 0 0 20 0 10 70 0 0 5 0 0 0 0 0 0 0 0 0 0 0 0 0 0 0 0 0 0 0 0
"47" "A. testudineus" "BC" "HW" 0 0 10 15 0 5 0 0 0 0 0 0 0 0 0 0 0 0 0 0 0 0 0 0 0 0 0 0 0 0
"48" "A. testudineus" "BC" "HW" 55 0 40 5 0 0 0 0 0 3 0 0 0 0 0 0 0 0 0 0 0 0 0 0 0 0 0 0 0 0
"49" "A. testudineus" "BC" "HW" 0 0 15 20 0 0 0 5 0 0 0 0 0 0 0 0 0 0 0 0 0 0 0 0 0 0 0 0 0 0
"50" "A. testudineus" "BC" "HW" 0 0 0 20 5 5 0 0 0 0 0 0 0 0 0 0 0 0 0 0 0 0 0 0 0 0 0 0 0 0
"51" "A. testudineus" "BC" "HW" 0 0 0 5 0 0 60 5 0 5 0 0 0 0 0 0 0 0 0 0 0 0 0 0 0 0 0 0 0 0
"52" "A. testudineus" "BC" "HW" 70 0 0 3 0 5 10 0 0 15 0 0 0 0 0 0 0 0 0 0 0 0 0 0 0 0 0 0 0 0
"53" "A. testudineus" "BC" "HW" 0 0 0 15 0 5 0 0 50 10 0 0 0 0 0 0 0 0 0 0 0 0 0 0 0 0 0 0 0 0
"54" "A. testudineus" "BC" "HW" 0 0 0 15 0 5 0 0 0 3 0 0 0 0 0 0 0 0 0 0 0 0 0 0 0 0 0 0 0 0
"55" "A. testudineus" "BC" "HW" 50 0 0 5 0 0 20 0 0 15 0 0 0 0 0 0 0 0 0 0 0 0 0 0 0 0 0 0 0 0
"56" "A. testudineus" "BC" "HW" 0 0 0 20 0 0 20 0 0 0 0 0 0 0 0 0 0 0 0 0 0 0 0 0 0 0 0 0 0 0
"57" "A. testudineus" "CK" "IW" 15 0 0 5 0 10 0 0 0 0 0 0 0 0 0 0 0 0 0 0 0 0 0 0 0 0 0 0 0 0
"58" "A. testudineus" "CK" "IW" 10 0 0 35 0 10 5 0 0 5 0 0 0 0 0 0 0 0 0 0 0 0 0 0 0 0 0 0 0 0
"59" "A. testudineus" "CK" "IW" 0 0 0 25 0 10 10 10 0 0 0 0 0 0 0 0 0 0 0 0 0 0 0 0 0 0 0 0 0 0
"60" "A. testudineus" "CK" "IW" 0 0 0 30 0 0 5 0 0 0 0 0 0 0 0 0 0 0 0 0 0 0 0 0 0 0 0 0 0 0
"61" "A. testudineus" "CK" "IW" 0 0 0 10 0 10 3 5 0 0 0 0 0 0 0 5 0 0 0 0 0 0 0 0 0 0 0 0 0 0
"62" "A. testudineus" "CK" "IW" 5 0 0 25 0 10 10 0 0 5 0 0 0 0 0 0 0 0 0 0 0 0 0 0 0 0 0 0 0 0
"63" "A. testudineus" "CK" "IW" 10 0 0 10 0 0 5 0 0 0 0 0 0 0 0 0 0 0 0 0 0 0 0 0 0 0 0 0 0 0
"64" "A. testudineus" "CK" "IW" 0 0 0 10 0 5 0 5 0 1 0 0 5 0 0 0 0 0 0 0 0 0 0 0 0 0 0 0 0 0
"65" "A. testudineus" "CK" "IW" 0 0 0 25 0 0 0 0 0 5 0 0 0 0 0 0 0 0 0 0 0 0 0 0 0 0 0 0 0 0
"66" "A. testudineus" "CK" "IW" 5 0 0 20 0 5 20 10 0 15 0 0 0 0 0 0 0 0 0 0 0 0 0 0 0 0 0 0 0 0
"67" "A. testudineus" "CK" "IW" 15 0 0 15 0 5 2 0 0 0 0 0 0 0 0 0 0 0 0 0 0 0 0 0 0 0 0 0 0 0
"68" "A. testudineus" "CK" "IW" 65 0 0 5 0 0 0 0 0 5 0 0 0 0 0 0 0 0 0 0 0 0 0 0 0 0 0 0 0 0
"69" "A. testudineus" "CK" "IW" 0 0 0 10 10 0 0 0 0 3 0 0 0 0 0 0 0 0 0 0 0 0 0 0 0 0 0 0 0 0
"70" "A. testudineus" "CK" "IW" 15 0 0 15 0 10 0 0 0 5 0 0 0 0 0 0 0 0 0 0 0 0 0 0 0 0 0 0 0 0
"71" "A. testudineus" "CK" "IW" 0 0 0 20 0 5 5 10 0 1 0 0 0 0 0 0 0 0 0 0 0 0 0 0 0 0 0 0 0 0
"72" "A. testudineus" "CK" "IW" 10 0 0 10 0 7 0 0 0 5 0 0 0 0 0 0 0 0 0 0 0 0 0 0 0 0 0 0 0 0
"73" "A. testudineus" "CK" "IW" 65 0 0 10 0 10 0 15 0 5 0 0 0 0 0 0 0 0 0 0 0 0 0 0 0 0 0 0 0 0
"74" "A. testudineus" "CK" "IW" 0 0 0 20 0 10 15 0 0 0 0 0 0 0 0 0 0 0 0 0 0 0 0 0 0 0 0 0 0 0
"75" "A. testudineus" "CK" "IW" 0 0 0 20 0 5 0 20 0 3 0 0 0 0 0 0 0 0 0 0 0 0 0 0 0 0 0 0 0 0
"76" "A. testudineus" "CK" "IW" 0 0 0 0 0 0 0 0 0 0 0 0 0 0 0 0 0 0 0 0 0 0 0 0 0 0 0 0 0 0
"77" "A. testudineus" "CK" "IW" 0 0 0 20 0 5 1 0 0 5 0 0 0 0 0 0 0 0 0 0 0 0 0 0 0 0 0 0 0 0
"78" "A. testudineus" "CK" "IW" 5 0 0 25 0 10 50 10 0 10 0 0 0 0 0 0 0 0 0 0 0 0 0 0 0 0 0 0 0 0
"79" "A. testudineus" "CK" "IW" 0 0 0 0 0 0 0 0 0 0 0 0 0 0 0 0 0 0 0 0 0 0 0 0 0 0 0 0 0 0
"80" "A. testudineus" "CK" "IW" 5 0 0 20 0 10 0 15 0 0 0 0 0 0 0 0 0 0 0 0 0 0 0 0 0 0 0 0 0 0
"81" "A. testudineus" "CK" "IW" 0 0 0 20 5 5 0 0 0 10 0 0 0 0 0 0 0 0 0 0 0 0 0 0 0 0 0 0 0 0
"82" "A. testudineus" "CK" "IW" 20 0 0 3 0 15 70 0 0 5 0 0 0 0 0 0 0 0 0 0 0 0 0 0 0 0 0 0 0 0
"83" "A. testudineus" "CK" "IW" 0 0 0 30 0 10 0 0 0 4 0 0 0 0 0 0 0 0 0 0 0 0 0 0 0 0 0 0 0 0
"84" "A. testudineus" "CK" "IW" 0 0 0 30 0 10 5 0 0 15 0 0 0 0 0 10 0 0 0 0 0 0 0 0 0 0 0 0 0 0
"85" "A. testudineus" "KL" "IW" 70 0 0 3 0 0 15 5 0 10 0 0 0 0 0 0 0 0 0 0 0 0 0 0 0 0 0 0 0 0
"86" "A. testudineus" "KL" "IW" 0 0 0 0 0 0 0 0 0 0 0 0 0 0 0 0 0 0 0 0 0 0 0 0 0 0 0 0 0 0
"87" "A. testudineus" "KL" "IW" 35 0 0 15 0 5 25 0 0 10 0 0 0 0 0 0 0 0 0 0 0 0 0 0 0 0 0 0 0 0
"88" "A. testudineus" "KL" "IW" 80 0 0 5 0 10 10 5 0 0 0 0 0 0 0 0 0 0 0 0 0 0 0 0 0 0 0 0 0 0
"89" "A. testudineus" "KL" "IW" 50 0 0 5 0 15 30 1 10 10 0 0 0 0 0 0 0 0 0 0 0 0 0 0 0 0 0 0 0 0
"90" "A. testudineus" "KL" "IW" 0 0 0 10 0 10 40 5 0 10 0 0 0 0 0 0 0 0 0 0 0 0 0 0 0 0 0 0 0 0
"91" "A. testudineus" "KL" "IW" 0 0 0 0 0 0 0 0 0 0 0 0 0 0 0 0 0 0 0 0 0 0 0 0 0 0 0 0 0 0
"92" "A. testudineus" "BC" "DW" 0 0 0 0 0 0 0 0 0 0 0 0 0 0 0 0 0 0 0 0 0 0 0 0 0 0 0 0 0 0
"93" "A. testudineus" "BC" "DW" 0 0 0 0 0 0 0 0 0 0 0 0 0 0 0 0 0 0 0 0 0 0 0 0 0 0 0 0 0 0
"94" "A. testudineus" "BC" "DW" 0 0 0 0 0 0 0 0 0 0 0 0 0 0 0 0 0 0 0 0 0 0 0 0 0 0 0 0 0 0
"95" "A. testudineus" "BC" "DW" 0 0 0 0 0 0 0 0 0 0 0 0 0 0 0 0 0 0 0 0 0 0 0 0 0 0 0 0 0 0
"96" "A. testudineus" "BC" "DW" 0 0 0 0 0 0 0 0 0 0 0 0 0 0 0 0 0 0 0 0 0 0 0 0 0 0 0 0 0 0
"97" "A. testudineus" "BC" "DW" 0 0 0 0 0 0 0 0 0 0 0 0 0 0 0 0 0 0 0 0 0 0 0 0 0 0 0 0 0 0
"98" "A. testudineus" "BC" "DW" 10 0 0 15 0 0 30 0 0 20 0 0 0 0 0 0 0 0 0 0 0 0 0 0 0 0 0 0 0 0
"99" "A. testudineus" "BC" "DW" 0 0 0 0 0 0 0 0 0 0 0 0 0 0 0 0 0 0 0 0 0 0 0 0 0 0 0 0 0 0
"100" "A. testudineus" "BC" "DW" 25 0 0 5 0 0 5 0 0 0 0 0 0 0 0 0 0 0 0 0 0 0 0 0 0 0 0 0 0 0
"101" "A. testudineus" "BC" "DW" 0 0 0 10 0 0 35 0 0 0 0 0 0 0 0 0 0 0 0 0 0 0 0 0 0 0 0 0 0 0
"102" "A. testudineus" "BC" "DW" 0 0 0 0 0 0 0 0 0 0 0 0 0 0 0 0 0 0 0 0 0 0 0 0 0 0 0 0 0 0
"103" "A. testudineus" "BC" "DW" 0 0 0 0 0 0 0 0 0 0 0 0 0 0 0 0 0 0 0 0 0 0 0 0 0 0 0 0 0 0
"104" "A. testudineus" "BC" "DW" 0 0 0 0 0 0 0 0 0 0 0 0 0 0 0 0 0 0 0 0 0 0 0 0 0 0 0 0 0 0
"105" "A. testudineus" "BC" "DW" 0 0 0 0 0 0 0 0 0 0 0 0 0 0 0 0 0 0 0 0 0 0 0 0 0 0 0 0 0 0
"106" "A. testudineus" "BC" "DW" 0 0 0 0 0 0 0 0 0 0 0 0 0 0 0 0 0 0 0 0 0 0 0 0 0 0 0 0 0 0
"107" "A. testudineus" "BC" "DW" 0 0 0 0 0 0 0 0 0 0 0 0 0 0 0 0 0 0 0 0 0 0 0 0 0 0 0 0 0 0
"108" "A. testudineus" "BC" "DW" 0 0 0 0 0 0 0 0 0 0 0 0 0 0 0 0 0 0 0 0 0 0 0 0 0 0 0 0 0 0
"109" "A. testudineus" "BC" "DW" 0 0 0 0 0 0 0 0 0 0 0 0 0 0 0 0 0 0 0 0 0 0 0 0 0 0 0 0 0 0
"110" "A. testudineus" "BC" "DW" 0 0 0 0 0 0 0 0 0 0 0 0 0 0 0 0 0 0 0 0 0 0 0 0 0 0 0 0 0 0
"111" "A. testudineus" "BC" "DW" 45 0 0 10 0 0 0 0 0 0 0 0 0 0 0 0 0 0 0 0 0 0 0 0 0 0 0 0 0 0
"112" "A. testudineus" "KL" "DW" 0 0 0 3 0 0 0 0 0 5 0 0 0 0 0 0 0 0 0 0 0 0 0 0 0 0 0 0 0 0
"113" "A. testudineus" "KL" "DW" 20 0 0 5 0 0 0 0 0 10 0 0 0 0 0 0 0 0 0 0 0 0 0 0 0 0 0 0 0 0
"114" "A. testudineus" "KL" "DW" 20 0 0 5 0 0 0 0 0 5 0 0 0 0 0 0 0 0 0 0 0 0 0 0 0 0 0 0 0 0
"115" "A. testudineus" "KL" "DW" 0 0 0 10 0 0 0 0 0 10 0 0 0 0 0 0 0 0 0 0 0 0 0 0 0 0 0 0 0 0
"116" "A. testudineus" "KL" "DW" 0 0 0 5 0 0 0 0 0 10 0 0 0 0 0 0 0 0 0 0 0 0 0 0 0 0 0 0 0 0
"117" "A. testudineus" "KL" "DW" 0 0 30 0 0 0 15 0 0 10 0 0 0 0 0 0 0 0 0 0 0 0 0 0 0 0 0 0 0 0
"118" "A. testudineus" "KL" "DW" 0 0 15 5 0 0 25 0 0 0 0 0 0 0 0 0 0 0 0 0 0 0 0 0 0 0 0 0 0 0
"119" "A. testudineus" "KL" "DW" 0 0 0 10 0 0 25 0 0 10 0 0 0 0 0 0 0 0 0 0 0 0 0 0 0 0 0 0 0 0
"120" "A. testudineus" "KL" "DW" 20 0 0 0 0 0 0 0 0 10 0 0 0 0 0 0 0 0 0 0 0 0 0 0 0 0 0 0 0 0
"121" "A. testudineus" "KL" "DW" 0 0 20 0 0 0 0 5 0 10 0 0 0 0 0 0 0 0 0 0 0 0 0 0 0 0 0 0 0 0
"122" "A. testudineus" "KL" "DW" 30 0 0 0 0 0 10 0 0 10 0 0 0 0 0 0 0 0 0 0 0 0 0 0 0 0 0 0 0 0
"123" "A. testudineus" "KL" "DW" 0 0 25 0 0 0 20 0 0 10 0 0 0 0 0 0 0 0 0 0 0 0 0 0 0 0 0 0 0 0
"124" "A. testudineus" "KL" "DW" 20 0 0 0 0 0 0 0 0 10 0 0 0 0 0 0 0 0 0 0 0 0 0 0 0 0 0 0 0 0
"125" "A. testudineus" "KL" "DW" 0 0 0 0 0 0 20 0 0 15 0 25 0 0 0 0 0 0 0 0 0 0 0 0 0 0 0 0 0 0
"126" "A. testudineus" "KL" "DW" 10 0 0 10 0 0 0 0 0 5 0 0 0 0 0 0 0 0 0 0 0 0 0 0 0 0 0 0 0 0
"127" "A. testudineus" "KL" "DW" 30 0 0 0 0 0 0 0 2 10 0 0 0 0 0 0 0 0 0 0 0 0 0 0 0 0 0 0 0 0
"128" "A. testudineus" "KL" "DW" 25 0 0 0 0 0 0 0 0 10 0 0 0 0 0 0 0 0 0 0 0 0 0 0 0 0 0 0 0 0
"129" "A. testudineus" "KL" "DW" 0 0 0 0 0 0 0 0 0 0 0 0 0 0 0 0 0 0 0 0 0 0 0 0 0 0 0 0 0 0
"130" "A. testudineus" "KL" "DW" 0 0 50 0 0 0 20 0 0 15 0 0 0 0 0 0 0 0 0 0 0 0 0 0 0 0 0 0 0 0
"131" "A. testudineus" "KL" "DW" 0 0 0 0 0 0 20 5 0 10 0 20 0 0 0 0 0 0 0 0 0 0 0 0 0 0 0 0 0 0
"132" "A. testudineus" "CT" "DW" 0 0 0 0 0 0 10 0 0 5 0 5 0 0 0 0 0 0 0 0 0 0 0 0 0 0 0 0 0 0
"133" "A. testudineus" "CT" "DW" 0 0 0 0 0 0 0 0 0 0 0 0 0 0 0 0 0 0 0 0 0 0 0 0 0 0 0 0 0 0
"134" "A. testudineus" "CT" "DW" 0 0 15 5 0 0 30 0 0 0 0 0 0 0 0 0 0 0 0 0 0 0 0 0 0 0 0 0 0 0
"135" "A. testudineus" "CT" "DW" 35 0 0 10 0 0 5 0 0 0 0 0 0 0 0 0 0 0 0 0 0 0 0 0 0 0 0 0 0 0
"136" "A. testudineus" "CT" "DW" 10 0 0 5 0 0 0 0 0 5 0 10 0 0 0 0 0 0 0 0 0 0 0 0 0 0 0 0 0 0
"137" "A. testudineus" "CT" "DW" 5 0 0 10 0 0 30 0 0 0 0 0 0 0 0 0 0 0 0 0 0 0 0 0 0 0 0 0 0 0
"138" "A. testudineus" "CT" "DW" 30 0 0 0 0 0 0 0 0 10 0 15 0 0 0 0 0 0 0 0 0 0 0 0 0 0 0 0 0 0
"139" "A. testudineus" "CT" "DW" 15 0 0 10 0 0 0 0 0 0 0 0 0 0 0 0 0 0 0 0 0 0 0 0 0 0 0 0 0 0
"140" "A. testudineus" "CT" "DW" 0 0 0 0 0 0 0 0 0 0 0 0 0 0 0 0 0 0 0 0 0 0 0 0 0 0 0 0 0 0
"141" "A. testudineus" "CT" "DW" 40 0 0 0 0 0 10 0 0 10 0 0 0 0 0 0 0 0 0 0 0 0 0 0 0 0 0 0 0 0
"142" "A. testudineus" "CT" "DW" 0 0 0 0 0 0 0 0 0 0 0 0 0 0 0 0 0 0 0 0 0 0 0 0 0 0 0 0 0 0
"143" "A. testudineus" "CT" "DW" 0 0 0 0 0 0 0 0 0 0 0 0 0 0 0 0 0 0 0 0 0 0 0 0 0 0 0 0 0 0
"144" "A. testudineus" "CT" "DW" 0 0 0 0 0 0 15 0 0 10 0 0 0 0 0 0 0 0 0 0 0 0 0 0 0 0 0 0 0 0
"145" "A. testudineus" "CT" "DW" 0 0 0 0 0 0 0 0 0 0 0 0 0 0 0 0 0 0 0 0 0 0 0 0 0 0 0 0 0 0
"146" "A. testudineus" "CT" "DW" 0 0 0 0 0 0 0 0 0 0 0 0 0 0 0 0 0 0 0 0 0 0 0 0 0 0 0 0 0 0
"147" "A. testudineus" "CT" "DW" 0 0 0 0 0 0 0 0 0 0 0 0 0 0 0 0 0 0 0 0 0 0 0 0 0 0 0 0 0 0
"148" "A. testudineus" "CT" "DW" 0 0 0 0 0 0 0 0 0 0 0 0 0 0 0 0 0 0 0 0 0 0 0 0 0 0 0 0 0 0
"149" "A. testudineus" "CT" "DW" 0 0 0 0 0 0 0 0 0 0 0 0 0 0 0 0 0 0 0 0 0 0 0 0 0 0 0 0 0 0
"150" "A. testudineus" "CT" "DW" 10 0 0 0 0 0 0 0 0 10 0 0 0 0 0 0 0 0 0 0 0 0 0 0 0 0 0 0 0 0
"151" "A. testudineus" "CT" "DW" 0 0 0 0 0 0 0 0 0 0 0 0 0 0 0 0 0 0 0 0 0 0 0 0 0 0 0 0 0 0
"152" "A. testudineus" "CK" "DW" 0 0 0 3 0 0 0 0 0 5 0 0 0 0 0 0 0 0 0 0 0 0 0 0 0 0 0 0 0 0
"153" "A. testudineus" "CK" "DW" 25 0 0 0 0 0 0 0 0 10 0 15 0 0 0 0 0 0 0 0 0 0 0 0 0 0 0 0 0 0
"154" "A. testudineus" "CK" "DW" 0 0 0 10 0 0 0 0 0 10 0 0 0 0 0 0 0 0 0 0 0 0 0 0 0 0 0 0 0 0
"155" "A. testudineus" "CK" "DW" 0 0 0 0 0 0 0 0 0 0 0 0 0 0 0 0 0 0 0 0 0 0 0 0 0 0 0 0 0 0
"156" "A. testudineus" "CK" "DW" 20 0 0 0 0 0 15 0 0 10 0 0 0 0 0 0 0 0 0 0 0 0 0 0 0 0 0 0 0 0
"157" "A. testudineus" "CK" "DW" 0 0 0 0 0 0 10 0 0 5 0 0 0 0 0 0 0 0 0 0 0 0 0 0 0 0 0 0 0 0
"158" "A. testudineus" "CK" "DW" 15 0 0 0 0 0 0 0 0 10 0 10 0 0 0 0 0 0 0 0 0 0 0 0 0 0 0 0 0 0
"159" "A. testudineus" "CK" "DW" 0 0 0 2 0 0 0 0 0 5 0 0 0 0 0 0 0 0 0 0 0 0 0 0 0 0 0 0 0 0
"160" "A. testudineus" "CK" "DW" 0 0 0 10 0 0 0 0 0 5 0 0 0 0 0 0 0 0 0 0 0 0 0 0 0 0 0 0 0 0
"161" "A. testudineus" "CK" "DW" 15 0 0 0 0 0 10 0 0 5 0 0 0 0 0 0 0 0 0 0 0 0 0 0 0 0 0 0 0 0
"162" "A. testudineus" "CK" "DW" 0 0 0 5 0 0 0 0 0 5 0 0 0 0 0 0 0 0 0 0 0 0 0 0 0 0 0 0 0 0
"163" "A. testudineus" "CK" "DW" 0 0 0 8 0 0 0 0 0 10 0 0 0 0 0 0 0 0 0 0 0 0 0 0 0 0 0 0 0 0
"164" "A. testudineus" "CK" "DW" 15 0 0 5 0 0 20 0 0 10 0 0 0 0 0 0 0 0 0 0 0 0 0 0 0 0 0 0 0 0
"165" "A. testudineus" "CK" "DW" 0 0 0 3 0 0 0 0 0 5 0 0 0 0 0 0 0 0 0 0 0 0 0 0 0 0 0 0 0 0
"166" "A. testudineus" "CK" "DW" 0 0 0 5 0 0 20 0 0 0 0 15 0 0 0 0 0 0 0 0 0 0 0 0 0 0 0 0 0 0
"167" "A. testudineus" "CK" "DW" 5 0 0 0 0 0 0 0 0 5 0 20 0 0 0 0 0 0 0 0 0 0 0 0 0 0 0 0 0 0
"168" "A. testudineus" "CK" "DW" 10 0 0 0 0 0 0 0 0 5 0 0 0 0 0 0 0 0 0 0 0 0 0 0 0 0 0 0 0 0
"169" "A. testudineus" "CK" "DW" 20 0 0 10 0 0 15 0 0 20 0 0 0 0 0 0 0 0 0 0 0 0 0 0 0 0 0 0 0 0
"170" "A. testudineus" "CK" "DW" 0 0 0 0 0 0 0 0 0 0 0 0 0 0 0 0 0 0 0 0 0 0 0 0 0 0 0 0 0 0
"171" "A. testudineus" "CK" "DW" 30 0 0 5 0 0 0 0 0 0 0 0 0 0 0 0 0 0 0 0 0 0 0 0 0 0 0 0 0 0
"172" "A. testudineus" "CK" "LW" 80 0 0 0 0 0 0 0 0 10 0 0 0 0 0 0 0 0 0 0 0 0 0 0 0 0 0 0 0 0
"173" "A. testudineus" "CK" "LW" 40 0 0 0 0 0 0 0 0 10 0 10 0 0 0 0 0 0 0 0 0 0 0 0 0 0 0 0 0 0
"174" "A. testudineus" "CK" "LW" 20 0 0 0 0 0 0 0 0 10 0 0 0 0 0 0 0 0 0 0 0 0 0 0 0 0 0 0 0 0
"175" "A. testudineus" "CK" "LW" 50 0 0 0 0 0 30 0 0 10 0 20 0 0 0 0 0 0 0 0 0 0 0 0 0 0 0 0 0 0
"176" "A. testudineus" "CK" "LW" 70 0 0 0 0 0 0 0 0 10 0 10 0 0 0 0 0 0 0 0 0 0 0 0 0 0 0 0 0 0
"177" "A. testudineus" "CK" "LW" 80 0 0 0 0 0 0 0 0 10 0 15 0 0 0 0 0 0 0 0 0 0 0 0 0 0 0 0 0 0
"178" "A. testudineus" "CK" "LW" 0 0 0 0 0 0 0 0 0 10 0 0 0 0 0 0 0 0 0 0 0 0 0 0 0 0 0 0 0 0
"179" "A. testudineus" "CK" "LW" 20 0 0 0 0 0 0 0 50 15 0 0 0 0 0 0 0 0 0 0 0 0 0 0 0 0 0 0 0 0
"180" "A. testudineus" "CK" "LW" 40 0 0 0 0 0 0 0 0 15 0 10 0 0 0 0 0 0 0 0 0 0 0 0 0 0 0 0 0 0
"181" "A. testudineus" "CK" "LW" 0 0 0 0 0 0 20 0 0 10 0 0 0 0 0 0 0 5 0 0 0 0 0 0 0 0 0 0 0 0
"182" "A. testudineus" "CK" "LW" 50 0 0 0 0 0 15 0 0 10 0 10 0 0 0 0 0 0 0 0 0 0 0 0 0 0 0 0 0 0
"183" "A. testudineus" "CK" "LW" 50 0 0 0 0 0 0 0 0 20 0 10 0 0 0 0 20 0 0 0 0 0 0 0 0 0 0 0 0 0
"184" "A. testudineus" "CK" "LW" 10 0 0 0 0 0 0 0 0 10 0 0 0 0 0 0 0 0 0 0 0 0 0 0 0 0 0 0 0 0
"185" "A. testudineus" "CK" "LW" 0 0 0 5 0 0 0 0 0 5 0 0 0 0 0 0 0 0 0 0 0 0 0 0 0 0 0 0 0 0
"186" "A. testudineus" "CK" "LW" 50 0 0 0 0 0 0 0 0 10 0 10 0 0 0 0 30 0 0 0 0 0 0 0 0 0 0 0 0 0
"187" "A. testudineus" "CK" "LW" 30 0 0 0 0 0 0 0 0 10 0 0 0 0 0 0 0 0 0 0 0 0 0 0 0 0 0 0 0 0
"188" "A. testudineus" "CK" "LW" 0 0 0 3 0 0 0 0 0 5 0 0 0 0 0 0 0 0 0 0 0 0 0 0 0 0 0 0 0 0
"189" "A. testudineus" "CK" "LW" 60 0 0 0 0 0 0 0 0 10 0 10 0 0 0 0 0 0 0 0 0 0 0 0 0 0 0 0 0 0
"190" "A. testudineus" "CK" "LW" 0 0 0 5 0 0 0 0 0 3 0 0 0 0 0 0 0 0 0 0 0 0 0 0 0 0 0 0 0 0
"191" "A. testudineus" "CK" "LW" 70 0 0 0 0 0 0 0 0 10 0 20 0 0 0 0 0 0 0 0 0 0 0 0 0 0 0 0 0 0
"192" "A. testudineus" "KL" "LW" 0 0 0 5 0 0 0 0 0 5 0 0 0 0 0 0 0 0 0 0 0 0 0 0 0 0 0 0 0 0
"193" "A. testudineus" "KL" "LW" 50 0 0 0 0 0 0 0 0 0 0 0 0 0 0 0 0 0 0 0 0 0 0 0 0 0 0 0 0 0
"194" "A. testudineus" "KL" "LW" 20 0 0 0 0 0 0 0 0 15 0 10 0 0 0 0 0 0 0 0 0 0 0 0 0 0 0 0 0 0
"195" "A. testudineus" "KL" "LW" 15 0 0 0 0 0 10 0 0 0 0 0 0 0 0 0 0 0 0 0 0 0 0 0 0 0 0 0 0 0
"196" "A. testudineus" "KL" "LW" 25 0 0 0 0 0 0 0 0 10 0 0 0 0 0 0 0 0 0 0 0 0 0 0 0 0 0 0 0 0
"197" "A. testudineus" "KL" "LW" 20 0 0 0 0 0 0 0 0 10 0 0 0 0 0 0 0 0 0 0 0 0 0 0 0 0 0 0 0 0
"198" "A. testudineus" "KL" "LW" 15 0 0 0 0 0 0 0 0 10 0 0 0 0 0 0 0 0 0 0 0 0 0 0 0 0 0 0 0 0
"199" "A. testudineus" "KL" "LW" 0 0 0 5 0 0 0 0 0 5 0 0 0 0 0 0 0 0 0 0 0 0 0 0 0 0 0 0 0 0
"200" "A. testudineus" "KL" "LW" 10 0 0 0 0 0 0 0 0 10 0 0 0 0 0 0 0 0 0 0 0 0 0 0 0 0 0 0 0 0
"201" "A. testudineus" "KL" "LW" 15 0 0 0 0 0 0 0 0 10 0 0 0 0 0 0 0 0 0 0 0 0 0 0 0 0 0 0 0 0
"202" "A. testudineus" "KL" "LW" 50 0 0 0 0 0 0 0 0 10 0 0 0 0 0 0 0 0 0 0 0 0 0 0 0 0 0 0 0 0
"203" "A. testudineus" "KL" "LW" 0 0 0 0 0 0 25 0 0 10 0 0 0 0 0 0 0 0 0 0 0 0 0 0 0 0 0 0 0 0
"204" "A. testudineus" "KL" "LW" 25 0 0 0 0 0 0 0 0 10 0 0 0 0 0 0 0 0 0 0 0 0 0 0 0 0 0 0 0 0
"205" "A. testudineus" "KL" "LW" 15 0 0 0 0 0 0 0 0 5 0 0 0 0 0 0 0 0 0 0 0 0 0 0 0 0 0 0 0 0
"206" "A. testudineus" "KL" "LW" 0 0 0 10 0 0 0 0 0 20 0 0 0 0 0 0 0 0 0 0 0 0 0 0 0 0 0 0 0 0
"207" "A. testudineus" "CT" "LW" 0 0 37 5 0 0 0 0 0 0 0 0 0 0 0 0 0 0 0 0 0 0 0 0 0 0 0 0 0 0
"208" "A. testudineus" "CT" "LW" 0 0 0 3 0 0 0 0 0 0 0 0 0 0 0 0 0 0 0 0 0 0 0 0 0 0 0 0 0 0
"209" "A. testudineus" "CT" "LW" 0 0 75 3 0 0 0 0 0 0 0 0 0 0 0 0 0 0 0 0 0 0 0 0 0 0 0 0 0 0
"210" "A. testudineus" "CT" "LW" 0 0 0 5 0 15 0 0 0 0 0 0 0 0 0 0 0 0 0 0 0 0 0 0 0 0 0 0 0 0
"211" "A. testudineus" "CT" "LW" 0 0 30 3 0 20 0 0 0 0 0 0 0 0 0 0 0 0 0 0 0 0 0 0 0 0 0 0 0 0
"212" "A. testudineus" "CT" "LW" 0 0 0 3 0 0 0 0 0 0 0 0 0 0 0 0 0 0 0 0 0 0 0 0 0 0 0 0 0 0
"213" "A. testudineus" "CT" "LW" 0 0 0 3 0 0 0 0 0 0 0 0 0 0 0 0 0 0 0 0 0 0 0 0 0 0 0 0 0 0
"214" "A. testudineus" "CT" "LW" 0 0 0 10 0 60 0 0 0 0 0 0 0 0 0 0 0 0 0 0 0 0 0 0 0 0 0 0 0 0
"215" "A. testudineus" "CT" "LW" 50 0 0 5 0 0 0 0 0 0 0 0 0 0 0 0 0 0 0 0 0 0 0 0 0 0 0 0 0 0
"216" "A. testudineus" "CT" "LW" 0 0 20 10 0 0 0 0 0 0 0 0 0 0 0 0 0 0 0 0 0 0 0 0 0 0 0 0 0 0
"217" "A. testudineus" "CT" "LW" 0 0 10 2 0 5 0 0 0 0 0 0 0 0 0 0 0 0 0 0 0 0 0 0 0 0 0 0 0 0
"218" "A. testudineus" "CT" "LW" 0 0 0 3 0 10 0 0 0 0 0 0 0 0 0 0 0 0 0 0 0 0 0 0 0 0 0 0 0 0
"219" "A. testudineus" "CT" "LW" 0 0 0 2 0 0 0 0 0 0 0 0 0 0 0 0 0 0 0 0 0 0 0 0 0 0 0 0 0 0
"220" "A. testudineus" "CT" "LW" 0 0 0 5 0 5 0 0 0 0 0 0 0 0 0 0 0 0 0 0 0 0 0 0 0 0 0 0 0 0
"221" "A. testudineus" "CT" "LW" 25 0 0 5 0 5 0 0 0 0 0 0 0 0 0 0 0 0 0 0 0 0 0 0 0 0 0 0 0 0
"222" "A. testudineus" "BC" "LW" 0 0 0 3 0 5 0 0 0 0 0 0 0 0 0 0 0 0 0 0 0 0 0 0 0 0 0 0 0 0
"223" "A. testudineus" "BC" "LW" 0 0 0 5 0 0 0 0 0 0 0 0 0 0 0 0 0 0 0 0 0 0 0 0 0 0 0 0 0 0
"224" "A. testudineus" "BC" "LW" 0 0 0 5 0 0 0 0 0 0 0 0 0 0 0 0 0 0 0 0 0 0 0 0 0 0 0 0 0 0
"225" "A. testudineus" "BC" "LW" 5 0 5 3 0 10 25 0 0 5 0 0 0 0 0 0 0 0 0 0 0 0 0 0 0 0 0 0 0 0
"226" "A. testudineus" "BC" "LW" 0 0 0 3 0 0 0 0 0 5 0 0 0 0 0 0 0 0 0 0 0 0 0 0 0 0 0 0 0 0
"227" "A. testudineus" "BC" "LW" 50 0 0 5 0 5 0 0 0 10 0 0 0 0 0 0 0 0 0 0 0 0 0 0 0 0 0 0 0 0
"228" "A. testudineus" "BC" "LW" 30 0 0 10 0 0 0 0 0 0 0 0 0 0 0 0 0 0 0 0 0 0 0 0 0 0 0 0 0 0
"229" "A. testudineus" "BC" "LW" 50 0 0 5 0 0 0 0 0 0 0 0 0 0 0 0 0 0 0 0 0 0 0 0 0 0 0 0 0 0
"230" "A. testudineus" "BC" "LW" 0 0 0 3 0 10 0 5 0 0 0 0 0 0 0 0 0 0 0 0 0 0 0 0 0 0 0 0 0 0
"231" "A. testudineus" "BC" "LW" 0 0 0 10 0 5 5 0 0 0 0 0 0 0 0 0 0 0 0 0 0 0 0 0 0 0 0 0 0 0
"232" "A. testudineus" "BC" "LW" 5 0 10 5 0 0 30 0 0 3 0 0 0 0 0 0 0 0 0 0 0 0 0 0 0 0 0 0 0 0
"233" "A. testudineus" "BC" "LW" 0 0 0 5 0 5 0 0 0 0 0 0 0 0 0 0 0 0 0 0 0 0 0 0 0 0 0 0 0 0
"234" "A. testudineus" "BC" "LW" 0 0 0 5 0 0 0 0 0 0 0 0 0 0 0 0 0 0 0 0 0 0 0 0 0 0 0 0 0 0
"235" "A. testudineus" "BC" "LW" 0 0 0 10 0 10 0 0 0 0 0 0 0 0 0 0 0 0 0 0 0 0 0 0 0 0 0 0 0 0
"236" "A. testudineus" "BC" "LW" 0 0 0 5 0 0 5 0 0 0 0 0 0 0 0 0 0 0 0 0 0 0 0 0 0 0 0 0 0 0
"237" "N. notopterus" "CT" "HW" 0 0 60 10 0 0 20 0 0 20 0 0 0 0 0 0 0 0 0 0 0 0 0 0 0 0 0 0 0 0
"238" "N. notopterus" "CT" "HW" 0 0 0 20 0 0 0 0 15 20 0 0 0 0 0 0 0 0 0 0 0 60 0 0 0 0 0 0 0 0
"239" "N. notopterus" "CT" "HW" 20 0 0 0 0 0 0 0 20 20 0 0 0 0 0 0 0 0 0 0 0 50 0 0 0 0 0 0 0 0
"240" "N. notopterus" "CT" "HW" 5 0 0 10 0 0 50 0 28 20 0 0 0 0 0 0 0 0 0 0 0 0 0 0 0 0 0 0 0 0
"241" "N. notopterus" "CT" "HW" 0 0 0 10 0 0 20 0 30 30 0 0 0 0 0 0 0 0 0 0 0 0 0 0 0 0 0 0 0 0
"242" "N. notopterus" "CT" "HW" 0 0 0 0 0 0 0 0 0 0 0 0 0 0 0 0 0 0 0 0 0 0 0 0 0 0 0 0 0 0
"243" "N. notopterus" "CT" "HW" 5 0 0 0 0 0 0 0 15 10 0 0 0 0 0 0 0 0 0 0 0 0 0 50 0 0 0 0 0 0
"244" "N. notopterus" "CT" "HW" 0 0 0 10 0 0 0 0 5 20 0 0 0 15 0 0 0 0 0 0 0 0 0 0 0 0 0 0 0 0
"245" "N. notopterus" "CT" "HW" 0 0 0 10 0 0 0 15 0 10 0 0 0 0 0 5 0 0 0 0 0 0 0 0 0 0 0 0 0 0
"246" "N. notopterus" "CK" "IW" 60 0 0 0 0 0 0 0 0 10 0 0 0 0 0 5 0 0 0 0 0 0 0 0 0 15 0 0 0 0
"247" "N. notopterus" "CK" "IW" 0 0 70 0 0 0 0 0 0 0 0 0 0 0 0 0 0 0 0 0 0 0 0 0 0 0 0 0 0 0
"248" "N. notopterus" "CK" "IW" 0 0 0 0 0 0 0 0 0 5 0 0 0 0 0 5 0 0 0 0 0 0 0 5 0 0 0 0 0 0
"249" "N. notopterus" "CK" "IW" 0 0 0 0 0 0 0 0 20 0 0 0 0 5 0 0 0 0 0 10 0 5 0 0 0 0 0 0 0 0
"250" "N. notopterus" "CK" "IW" 0 0 0 0 0 0 0 0 10 15 0 0 0 5 0 5 0 0 0 0 0 0 0 0 0 0 0 0 0 0
"251" "N. notopterus" "CK" "IW" 0 0 0 0 0 0 0 0 0 0 0 0 0 0 0 0 0 0 0 0 0 0 0 0 0 0 0 0 0 0
"252" "N. notopterus" "CK" "IW" 0 0 5 0 0 0 0 0 0 20 0 0 0 0 0 0 0 0 0 0 0 0 0 0 0 0 0 0 0 0
"253" "N. notopterus" "CK" "IW" 0 0 0 0 0 0 0 0 10 4 0 0 0 15 0 0 0 0 0 0 0 0 0 0 0 0 0 0 0 0
"254" "N. notopterus" "CK" "IW" 30 0 0 0 0 0 30 0 5 20 0 10 0 0 0 0 0 0 0 0 0 0 0 0 0 0 0 0 0 0
"255" "N. notopterus" "CK" "IW" 0 0 0 0 0 0 0 0 0 20 0 0 0 15 0 5 0 0 0 0 0 0 0 0 0 0 0 0 0 0
"256" "N. notopterus" "CK" "IW" 0 0 0 0 0 0 0 0 0 0 0 0 0 0 0 0 0 0 0 0 0 0 0 0 0 0 0 0 0 0
"257" "N. notopterus" "CK" "IW" 5 0 0 0 0 0 0 0 0 50 0 0 0 5 5 0 0 0 0 0 0 0 0 0 0 0 0 0 0 0
"258" "N. notopterus" "CK" "IW" 0 0 0 0 0 0 0 0 0 70 0 0 0 20 0 0 0 0 0 0 0 0 0 0 0 0 0 0 0 0
"259" "N. notopterus" "CK" "IW" 0 0 5 0 0 0 0 0 5 0 0 0 0 0 10 0 0 0 0 0 0 0 0 0 0 0 0 0 0 0
"260" "N. notopterus" "CK" "IW" 0 0 5 0 0 0 0 0 0 70 0 0 0 35 0 5 0 0 0 15 0 15 0 0 5 0 0 0 0 0
"261" "N. notopterus" "CK" "IW" 0 0 0 0 0 0 0 0 0 0 0 0 0 10 0 0 0 0 0 0 0 0 0 0 0 0 0 0 0 0
"262" "N. notopterus" "KL" "IW" 0 0 0 0 0 0 0 0 10 20 0 0 0 20 0 0 0 0 0 0 0 0 0 0 0 0 0 0 0 0
"263" "N. notopterus" "KL" "IW" 5 0 0 0 0 0 0 0 0 60 0 0 0 5 5 0 0 0 0 0 0 0 0 0 0 0 0 0 0 0
"264" "N. notopterus" "KL" "IW" 0 0 0 0 0 0 50 0 10 40 0 0 0 0 0 0 0 0 0 0 0 0 0 0 0 0 0 0 0 0
"265" "N. notopterus" "KL" "IW" 5 0 0 0 0 0 0 0 10 20 0 30 0 50 0 0 0 0 0 0 0 0 0 0 0 0 0 0 0 0
"266" "N. notopterus" "KL" "IW" 0 0 0 0 0 0 0 0 10 0 0 0 0 5 10 0 0 0 0 0 0 10 0 10 0 0 0 0 0 0
"267" "N. notopterus" "KL" "IW" 0 0 0 0 0 0 30 5 30 60 0 0 0 0 0 0 0 0 0 0 0 0 0 0 0 0 0 0 0 0
"268" "N. notopterus" "KL" "IW" 30 0 5 0 0 0 0 0 0 20 0 0 0 30 20 0 0 0 0 0 0 0 5 5 0 0 0 0 0 0
"269" "N. notopterus" "BC" "HW" 0 0 50 20 0 0 0 0 0 30 0 0 0 0 0 0 0 0 0 0 0 0 0 0 0 0 0 0 0 0
"270" "N. notopterus" "BC" "HW" 50 0 20 10 0 0 50 0 0 20 0 0 0 5 10 0 0 0 0 0 0 5 0 10 0 0 0 0 0 0
"271" "N. notopterus" "BC" "HW" 0 0 0 0 0 0 0 0 0 0 0 0 0 0 0 0 0 0 0 0 0 0 0 0 0 0 0 0 0 0
"272" "N. notopterus" "BC" "HW" 0 0 0 10 0 0 0 0 0 20 0 0 0 0 0 0 0 0 0 0 0 40 0 0 0 0 0 0 0 0
"273" "N. notopterus" "BC" "HW" 0 0 0 0 0 0 0 0 0 0 0 0 0 0 0 0 0 0 0 0 0 0 0 0 0 0 0 0 0 0
"274" "N. notopterus" "BC" "HW" 0 0 0 10 0 0 50 0 0 20 0 0 0 0 0 0 0 0 0 0 0 0 0 0 0 0 0 0 0 0
"275" "N. notopterus" "BC" "HW" 20 0 0 0 0 0 0 0 5 20 0 0 0 15 5 0 0 0 0 0 0 0 0 0 0 0 0 0 0 0
"276" "N. notopterus" "KL" "HW" 0 0 0 0 0 0 20 0 10 20 0 20 0 20 0 0 0 0 0 0 0 0 0 0 0 0 0 0 0 0
"277" "N. notopterus" "KL" "HW" 0 0 60 0 0 0 0 0 5 10 0 0 0 0 0 0 0 0 0 0 0 0 0 15 0 0 0 0 0 0
"278" "N. notopterus" "KL" "HW" 0 0 5 10 0 0 0 0 5 0 0 0 0 0 0 5 0 0 0 0 0 0 0 0 0 0 0 0 0 0
"279" "N. notopterus" "CK" "HW" 20 0 0 10 0 0 0 0 5 30 0 0 0 50 0 0 0 0 0 0 0 0 0 0 0 0 0 0 0 0
"280" "N. notopterus" "CK" "HW" 0 0 50 10 0 0 20 0 0 30 0 30 0 0 0 0 0 0 0 0 0 0 0 0 0 0 0 0 0 0
"281" "N. notopterus" "CK" "HW" 0 0 0 0 0 0 0 0 20 10 0 0 0 0 0 0 0 0 0 0 0 0 0 0 0 0 0 0 0 0
"282" "N. notopterus" "CK" "HW" 0 0 0 0 0 0 0 0 0 0 0 0 0 0 0 0 0 0 0 0 0 0 0 0 0 0 0 0 0 0
"283" "N. notopterus" "CK" "HW" 60 0 0 20 0 0 0 0 0 10 0 0 0 30 0 0 0 0 0 0 0 0 0 0 0 0 0 0 0 0
"284" "N. notopterus" "CK" "HW" 0 0 0 0 0 0 0 0 0 0 0 0 0 0 0 0 0 0 0 0 0 0 0 0 0 0 0 0 0 0
"285" "N. notopterus" "CK" "HW" 0 0 30 20 0 0 40 0 5 25 0 0 0 0 40 0 0 0 0 0 0 0 0 0 0 0 0 0 0 0
"286" "N. notopterus" "CK" "HW" 0 0 0 10 0 0 60 10 0 20 0 0 0 0 0 0 0 0 0 0 0 0 0 0 0 0 0 0 0 0
"287" "N. notopterus" "CK" "HW" 0 0 0 10 0 0 0 0 10 20 0 0 0 30 0 0 0 0 0 5 0 40 0 0 0 0 0 0 0 0
"288" "N. notopterus" "CK" "HW" 0 0 10 0 0 0 0 0 5 20 0 0 0 20 0 15 0 0 0 0 0 30 0 0 0 0 0 0 0 0
"289" "N. notopterus" "CK" "HW" 0 0 0 10 0 0 0 0 0 20 0 0 0 20 0 0 0 0 0 0 0 0 0 50 0 0 0 0 0 0
"290" "N. notopterus" "CK" "HW" 0 0 70 10 0 0 0 0 0 10 0 0 0 0 0 0 0 0 0 0 0 20 0 0 0 0 0 0 0 0
"291" "N. notopterus" "CK" "HW" 0 0 0 0 0 0 0 0 0 0 0 0 0 0 0 0 0 0 0 0 0 0 0 0 0 0 0 0 0 0
"292" "N. notopterus" "CK" "HW" 0 0 0 10 0 0 0 0 5 20 0 0 0 0 0 0 0 0 0 0 0 5 0 0 0 0 0 0 0 0
"293" "N. notopterus" "CK" "HW" 0 0 0 20 0 0 0 5 0 0 0 0 0 20 0 0 0 0 0 0 0 0 0 0 0 0 0 0 0 0
"294" "N. notopterus" "KL" "DW" 0 0 0 0 0 0 0 0 0 0 0 0 0 0 0 0 0 0 0 0 0 0 0 0 0 0 0 0 0 0
"295" "N. notopterus" "KL" "DW" 0 0 0 0 0 0 0 0 0 0 0 0 0 0 0 0 0 0 0 0 0 0 0 0 0 0 0 0 0 0
"296" "N. notopterus" "KL" "DW" 0 0 0 10 0 0 25 0 20 15 0 0 0 0 0 0 0 0 0 5 0 0 0 0 0 0 0 0 0 0
"297" "N. notopterus" "KL" "DW" 0 0 0 10 0 5 5 0 0 3 0 0 0 0 0 0 0 0 0 0 0 0 0 0 0 0 0 0 0 0
"298" "N. notopterus" "KL" "DW" 0 0 0 0 0 0 0 0 0 0 0 0 0 0 0 0 0 0 0 0 0 0 0 0 0 0 0 0 0 0
"299" "N. notopterus" "KL" "DW" 0 0 0 0 0 0 0 0 0 0 0 0 0 0 0 0 0 0 0 0 0 0 0 0 0 0 0 0 0 0
"300" "N. notopterus" "KL" "DW" 0 0 0 0 0 0 0 0 0 0 0 0 0 0 0 0 0 0 0 0 0 0 0 0 0 0 0 0 0 0
"301" "N. notopterus" "KL" "DW" 0 0 0 0 0 0 0 0 0 0 0 0 0 0 0 0 0 0 0 0 0 0 0 0 0 0 0 0 0 0
"302" "N. notopterus" "KL" "DW" 0 0 0 5 0 5 5 0 0 25 0 0 0 10 0 0 0 0 0 0 0 0 0 0 0 0 0 0 0 0
"303" "N. notopterus" "KL" "DW" 0 0 0 5 0 3 40 0 5 15 0 0 0 0 0 0 0 0 0 0 0 0 0 0 0 0 0 0 0 0
"304" "N. notopterus" "KL" "DW" 0 0 0 0 0 0 0 0 0 0 0 0 0 0 0 0 0 0 0 0 0 0 0 0 0 0 0 0 0 0
"305" "N. notopterus" "KL" "DW" 0 0 10 10 0 0 30 0 0 10 0 0 0 0 0 0 0 0 0 0 0 0 0 0 0 0 15 0 0 0
"306" "N. notopterus" "KL" "DW" 0 0 0 0 0 0 0 0 0 0 0 0 0 0 0 0 0 0 0 0 0 0 0 0 0 0 0 0 0 0
"307" "N. notopterus" "KL" "DW" 0 0 0 0 0 0 0 0 0 0 0 0 0 0 0 0 0 0 0 0 0 0 0 0 0 0 0 0 0 0
"308" "N. notopterus" "KL" "DW" 20 0 0 0 0 0 5 0 10 10 0 0 0 0 0 0 0 0 0 0 0 0 0 0 5 0 0 0 0 0
"309" "N. notopterus" "KL" "DW" 0 0 0 5 0 0 10 0 0 3 0 0 0 50 0 0 0 0 0 0 0 0 0 0 0 0 0 0 0 0
"310" "N. notopterus" "KL" "DW" 0 0 0 0 0 0 20 0 0 15 0 3 0 0 0 0 0 0 0 0 0 0 0 0 60 0 0 0 0 0
"311" "N. notopterus" "KL" "DW" 0 0 0 10 0 5 10 0 0 15 0 0 0 0 5 0 0 0 0 0 0 0 0 0 0 0 0 0 0 0
"312" "N. notopterus" "KL" "DW" 0 0 0 0 0 0 0 0 0 0 0 0 0 0 0 0 0 0 0 0 0 0 0 0 0 0 0 0 0 0
"313" "N. notopterus" "KL" "DW" 0 0 0 0 0 0 0 0 0 0 0 0 0 0 0 0 0 0 0 0 0 0 0 0 0 0 0 0 0 0
"314" "N. notopterus" "KL" "DW" 0 0 0 5 0 5 55 0 5 10 0 0 0 0 0 0 0 0 0 10 0 0 0 0 0 0 0 0 0 0
"315" "N. notopterus" "KL" "DW" 0 0 0 0 0 0 0 0 0 0 0 0 0 0 0 0 0 0 0 0 0 0 0 0 0 0 0 0 0 0
"316" "N. notopterus" "KL" "DW" 0 0 0 0 0 0 0 0 0 0 0 0 0 0 0 0 0 0 0 0 0 0 0 0 0 0 0 0 0 0
"317" "N. notopterus" "KL" "DW" 0 0 0 5 0 0 75 0 0 0 0 0 0 0 0 0 0 0 0 0 0 0 0 0 0 0 0 0 0 0
"318" "N. notopterus" "KL" "DW" 0 0 0 5 0 3 0 0 0 0 0 0 0 0 0 0 0 0 0 0 0 0 0 0 0 0 0 0 0 0
"319" "N. notopterus" "BC" "DW" 0 0 0 10 0 0 25 0 0 10 0 0 0 15 0 0 0 0 0 10 0 0 0 0 0 0 0 0 0 0
"320" "N. notopterus" "BC" "DW" 0 0 0 5 0 0 0 0 0 25 0 0 0 0 0 0 0 0 0 0 0 0 0 0 60 0 0 0 0 0
"321" "N. notopterus" "BC" "DW" 0 0 0 5 0 0 50 0 10 5 0 0 0 0 0 0 0 0 0 0 0 0 0 0 0 0 0 0 0 0
"322" "N. notopterus" "BC" "DW" 0 0 0 0 0 0 0 0 0 0 0 0 0 0 0 0 0 0 0 0 0 0 0 0 0 0 0 0 0 0
"323" "N. notopterus" "BC" "DW" 0 0 0 3 0 0 40 0 0 25 0 0 0 15 0 0 0 0 0 0 0 0 0 0 25 0 0 0 0 0
"324" "N. notopterus" "BC" "DW" 0 0 0 5 0 0 60 0 5 20 0 0 0 0 0 0 0 0 0 0 0 0 0 0 0 0 0 0 0 0
"325" "N. notopterus" "BC" "DW" 0 0 0 10 0 0 10 0 5 30 0 0 0 15 0 0 0 0 0 0 0 0 0 0 0 0 0 0 0 0
"326" "N. notopterus" "BC" "DW" 0 0 0 10 0 0 40 0 0 10 0 0 0 0 5 0 0 0 0 0 0 0 0 15 0 0 0 0 0 0
"327" "N. notopterus" "CT" "DW" 0 0 0 0 0 0 0 0 0 0 0 0 0 0 0 0 0 0 0 0 0 0 0 0 0 0 0 0 0 0
"328" "N. notopterus" "CT" "DW" 0 0 0 0 0 0 0 0 0 15 0 5 0 50 0 0 0 0 0 30 0 0 0 0 0 0 0 0 0 0
"329" "N. notopterus" "CT" "DW" 0 0 0 0 0 0 0 0 0 0 0 0 0 0 0 0 0 0 0 0 0 0 0 0 0 0 0 0 0 0
"330" "N. notopterus" "CT" "DW" 0 0 0 0 0 0 0 0 0 0 0 0 0 0 0 0 0 0 0 0 0 0 0 0 0 0 0 0 0 0
"331" "N. notopterus" "CT" "DW" 0 0 0 0 0 0 25 0 0 20 0 0 0 20 0 0 0 0 0 0 0 0 0 0 0 0 0 0 0 0
"332" "N. notopterus" "CT" "DW" 0 0 0 0 0 0 0 0 0 0 0 0 0 0 0 0 0 0 0 0 0 0 0 0 0 0 0 0 0 0
"333" "N. notopterus" "CT" "DW" 10 0 0 0 0 0 0 50 0 0 0 15 0 0 0 0 0 0 0 0 0 0 0 0 0 0 0 0 0 0
"334" "N. notopterus" "CT" "DW" 0 0 0 0 0 0 0 0 0 0 0 0 0 0 0 0 0 0 0 0 0 0 0 0 0 0 0 0 0 0
"335" "N. notopterus" "CT" "DW" 0 0 0 0 0 0 0 0 0 0 0 0 0 0 0 0 0 0 0 0 0 0 0 0 0 0 0 0 0 0
"336" "N. notopterus" "CT" "DW" 60 0 0 0 0 0 0 0 5 20 0 0 0 0 0 0 0 0 0 0 0 0 0 0 0 0 0 0 0 0
"337" "N. notopterus" "CT" "DW" 0 0 0 0 0 0 30 0 5 20 0 0 0 0 0 0 0 0 0 0 0 0 0 0 0 0 0 0 0 0
"338" "N. notopterus" "CT" "DW" 0 0 0 0 0 0 0 0 0 0 0 0 0 0 0 0 0 0 0 0 0 0 0 0 0 0 0 0 0 0
"339" "N. notopterus" "CT" "DW" 0 0 0 0 0 0 0 0 0 0 0 0 0 0 0 0 0 0 0 0 0 0 0 0 0 0 0 0 0 0
"340" "N. notopterus" "CT" "DW" 0 0 0 0 0 0 0 0 0 0 0 0 0 0 0 0 0 0 0 0 0 0 0 0 0 0 0 0 0 0
"341" "N. notopterus" "CT" "DW" 20 0 0 0 0 0 45 0 3 15 0 0 0 0 0 0 0 0 0 0 0 0 0 0 0 0 0 0 0 0
"342" "N. notopterus" "CT" "DW" 0 0 0 0 0 0 0 0 0 0 0 0 0 0 0 0 0 0 0 0 0 0 0 0 0 0 0 0 0 0
"343" "N. notopterus" "CT" "DW" 0 0 0 0 0 0 0 0 0 0 0 0 0 0 0 0 0 0 0 0 0 0 0 0 0 0 0 0 0 0
"344" "N. notopterus" "CT" "DW" 0 0 0 0 0 0 20 0 0 20 0 10 0 0 0 0 0 0 0 0 0 0 0 0 0 0 0 0 0 0
"345" "N. notopterus" "CT" "DW" 0 0 0 0 0 0 0 0 0 20 0 0 0 40 0 0 0 0 0 0 0 0 0 0 0 0 0 0 0 0
"346" "N. notopterus" "CK" "DW" 15 0 0 0 0 0 0 0 5 30 0 10 0 20 25 0 0 0 0 10 0 0 0 0 0 0 0 0 0 0
"347" "N. notopterus" "CK" "DW" 0 0 15 0 0 0 30 0 0 20 0 0 0 5 0 0 0 5 0 0 0 0 0 0 40 0 0 0 0 0
"348" "N. notopterus" "CK" "DW" 0 0 0 0 0 0 0 0 45 20 0 10 0 25 0 0 0 0 0 10 0 50 0 0 0 0 0 0 0 0
"349" "N. notopterus" "CK" "DW" 0 0 0 0 0 0 20 0 0 15 0 0 0 20 0 0 0 0 0 40 0 0 0 0 0 0 0 0 0 0
"350" "N. notopterus" "CK" "DW" 0 0 0 0 0 0 0 0 0 18 0 0 0 20 0 0 0 0 0 10 0 0 0 0 30 0 0 0 0 0
"351" "N. notopterus" "CK" "DW" 70 0 0 0 0 0 0 0 0 15 0 0 0 20 20 0 0 0 0 0 0 0 0 0 0 0 0 0 0 0
"352" "N. notopterus" "CK" "DW" 20 0 0 0 0 0 80 0 5 30 0 0 0 0 0 0 0 0 0 0 0 0 0 0 0 0 0 0 0 0
"353" "N. notopterus" "CK" "DW" 0 0 0 0 0 0 20 0 0 20 0 0 0 0 30 0 0 0 0 0 0 0 0 0 0 0 0 0 0 0
"354" "N. notopterus" "CK" "DW" 0 0 30 0 0 0 0 0 0 20 0 0 0 0 20 0 0 0 0 0 0 0 0 0 0 0 0 0 0 0
"355" "N. notopterus" "CK" "DW" 0 0 0 0 0 0 30 0 10 15 0 10 0 0 0 0 0 0 0 20 0 0 0 0 0 0 0 0 0 0
"356" "N. notopterus" "CK" "DW" 20 0 0 0 0 0 0 0 0 15 0 10 0 35 0 0 0 0 0 0 0 0 0 0 0 0 0 0 0 0
"357" "N. notopterus" "CK" "DW" 20 0 0 0 0 0 70 0 10 30 0 0 0 0 0 0 0 0 0 0 0 0 0 0 0 0 0 0 0 0
"358" "N. notopterus" "CK" "DW" 30 0 0 0 0 0 0 0 0 10 0 0 0 15 0 0 0 0 0 0 0 20 0 0 0 0 0 0 0 0
"359" "N. notopterus" "CK" "DW" 20 0 0 0 0 0 50 0 5 25 0 0 0 0 0 0 0 0 0 0 0 0 0 0 0 0 0 0 0 0
"360" "N. notopterus" "CK" "DW" 0 0 30 0 0 0 0 0 0 20 0 10 0 20 15 0 0 0 0 0 0 5 0 0 0 0 0 0 0 0
"361" "N. notopterus" "CK" "DW" 70 0 5 0 0 0 0 0 0 20 0 0 0 15 30 0 0 0 0 0 0 0 0 0 60 0 0 0 0 0
"362" "N. notopterus" "CK" "DW" 0 0 0 0 0 0 0 0 0 0 0 0 0 0 0 0 0 0 0 0 0 0 0 0 0 0 0 0 0 0
"363" "N. notopterus" "CK" "DW" 0 0 0 0 0 0 0 0 0 10 0 5 0 0 0 0 80 0 0 0 0 0 0 0 0 0 0 0 0 0
"364" "N. notopterus" "CK" "DW" 0 0 0 0 0 0 0 0 0 20 0 10 0 40 0 0 0 0 0 25 0 0 0 0 0 0 0 0 0 0
"365" "N. notopterus" "CK" "DW" 0 0 0 0 0 0 20 0 30 15 0 0 0 5 25 0 0 0 0 0 0 0 0 0 0 0 0 0 0 0
"366" "N. notopterus" "CK" "LW" 0 0 0 0 0 0 0 0 5 10 0 0 0 60 0 0 0 0 0 10 0 0 0 0 0 0 0 0 0 0
"367" "N. notopterus" "CK" "LW" 0 0 5 0 0 0 0 0 0 10 0 0 0 20 0 0 0 0 0 5 0 0 0 0 0 0 0 0 0 0
"368" "N. notopterus" "CK" "LW" 15 0 0 0 0 0 15 0 5 10 0 0 0 20 0 0 0 0 0 10 0 0 0 0 0 0 0 0 0 0
"369" "N. notopterus" "CK" "LW" 10 0 0 0 0 0 20 0 0 15 0 0 0 15 0 0 0 0 0 0 0 0 0 0 0 0 0 0 0 0
"370" "N. notopterus" "CK" "LW" 0 0 20 0 0 0 0 0 0 15 0 0 0 50 0 0 0 0 0 0 0 0 0 0 0 0 0 0 0 0
"371" "N. notopterus" "CK" "LW" 0 0 0 0 0 0 0 15 5 15 0 0 0 20 0 40 0 0 0 0 0 0 0 0 0 0 0 0 0 0
"372" "N. notopterus" "CK" "LW" 0 0 0 0 0 0 0 0 0 10 0 15 0 60 0 0 0 0 0 0 0 0 0 0 0 0 0 0 0 0
"373" "N. notopterus" "CK" "LW" 10 0 0 0 0 0 0 0 0 15 0 10 0 40 0 0 0 0 0 0 0 15 0 0 0 0 0 0 0 0
"374" "N. notopterus" "CK" "LW" 0 0 0 0 0 0 15 0 0 10 0 10 0 30 0 0 0 0 0 0 0 0 0 0 0 0 0 0 0 0
"375" "N. notopterus" "CK" "LW" 0 0 0 0 0 0 0 0 0 20 0 10 0 60 0 0 0 0 0 0 0 10 0 0 0 0 0 0 0 0
"376" "N. notopterus" "CK" "LW" 0 0 0 0 0 0 20 0 0 10 0 0 0 30 0 0 0 0 0 0 0 0 0 0 0 0 0 0 0 0
"377" "N. notopterus" "CK" "LW" 0 0 0 0 0 0 50 0 0 20 0 0 0 20 0 0 0 0 0 0 0 0 0 0 0 0 0 0 0 0
"378" "N. notopterus" "CK" "LW" 0 0 0 0 0 0 0 0 0 10 0 15 0 30 0 0 0 0 0 0 0 20 0 0 0 0 0 0 0 0
"379" "N. notopterus" "CK" "LW" 0 0 20 0 0 0 0 10 0 15 0 5 0 25 0 0 0 0 0 0 0 0 0 0 0 0 0 0 0 0
"380" "N. notopterus" "CK" "LW" 0 0 0 0 0 0 20 0 0 10 0 15 0 0 0 0 0 0 0 0 0 0 0 0 0 0 0 0 0 0
"381" "N. notopterus" "CK" "LW" 0 0 20 0 0 0 40 0 0 15 0 0 0 0 0 0 0 0 0 0 0 0 0 0 0 0 0 0 0 0
"382" "N. notopterus" "CK" "LW" 0 0 0 0 0 0 0 0 0 15 0 0 0 20 0 0 30 0 0 0 0 0 0 0 0 0 0 0 0 0
"383" "N. notopterus" "CK" "LW" 0 0 0 0 0 0 0 0 0 15 0 0 0 20 0 0 0 0 0 0 0 30 0 0 0 0 0 0 0 0
"384" "N. notopterus" "KL" "LW" 50 0 10 0 0 0 0 0 0 15 0 20 0 0 0 0 0 0 0 0 0 0 0 0 5 0 0 0 0 0
"385" "N. notopterus" "KL" "LW" 0 0 50 0 0 0 0 0 0 15 0 0 0 15 25 0 0 0 0 0 0 0 0 0 0 0 0 0 0 0
"386" "N. notopterus" "KL" "LW" 0 0 30 0 0 0 0 0 45 15 0 0 0 0 20 0 0 0 0 0 0 0 0 0 0 0 0 0 0 0
"387" "N. notopterus" "KL" "LW" 0 0 0 0 0 0 0 0 0 10 0 20 0 15 0 0 0 0 0 0 0 0 0 0 60 0 0 0 0 0
"388" "N. notopterus" "KL" "LW" 0 0 25 0 0 0 0 0 10 15 0 0 0 0 0 0 0 0 0 0 0 0 0 0 0 0 0 0 0 0
"389" "N. notopterus" "KL" "LW" 20 0 50 0 0 0 0 0 0 10 0 15 0 0 0 0 0 0 0 0 0 0 0 0 0 0 0 0 0 0
"390" "N. notopterus" "KL" "LW" 0 0 60 0 0 0 0 0 73 10 0 10 0 0 0 0 0 5 0 0 0 0 0 0 0 0 0 0 0 0
"391" "N. notopterus" "KL" "LW" 70 0 0 0 0 0 0 0 9 10 0 15 0 0 5 0 0 0 0 0 0 0 0 0 0 0 0 0 0 0
"392" "N. notopterus" "KL" "LW" 60 0 0 0 0 0 0 0 40 10 0 0 0 15 5 0 0 0 0 0 0 0 0 0 0 0 0 0 0 0
"393" "N. notopterus" "KL" "LW" 50 0 0 0 0 0 0 0 0 10 0 0 0 0 5 0 0 0 0 0 0 0 0 0 0 0 0 0 0 0
"394" "N. notopterus" "KL" "LW" 0 0 0 0 0 0 0 0 0 10 0 0 0 0 15 0 0 0 0 20 0 0 0 0 0 0 0 0 0 0
"395" "N. notopterus" "KL" "LW" 50 0 0 0 0 0 20 0 0 10 0 15 0 0 0 0 0 0 0 0 0 0 0 0 0 0 0 0 0 0
"396" "N. notopterus" "KL" "LW" 45 0 0 0 0 0 0 0 60 15 0 0 0 15 20 0 0 0 0 5 0 0 0 0 0 0 0 0 0 0
"397" "N. notopterus" "KL" "LW" 0 0 20 0 0 0 0 0 0 15 0 10 0 0 0 0 0 0 0 0 0 0 0 0 0 0 0 0 0 0
"398" "N. notopterus" "KL" "LW" 20 0 0 0 0 0 0 0 0 10 0 15 0 10 50 0 0 0 0 0 0 0 0 0 0 0 0 0 0 0
"399" "N. notopterus" "KL" "LW" 0 0 0 0 0 0 60 0 5 15 0 0 0 0 0 0 0 0 0 0 0 0 0 0 0 0 0 0 0 0
"400" "N. notopterus" "KL" "LW" 0 0 35 0 0 0 0 0 0 10 0 0 0 0 5 0 0 0 0 0 0 0 0 0 0 0 0 0 0 0
"401" "N. notopterus" "KL" "LW" 50 0 0 0 0 0 0 0 0 20 0 10 0 0 10 0 0 0 0 0 0 0 0 0 0 0 0 0 0 0
"402" "N. notopterus" "KL" "LW" 30 0 20 0 0 0 0 0 30 10 0 15 0 0 5 0 0 0 0 0 0 0 0 0 0 0 0 0 0 0
"403" "N. notopterus" "KL" "LW" 20 0 50 0 0 0 0 0 0 10 0 10 0 0 0 0 0 0 0 0 0 0 0 0 0 0 0 0 0 0
"404" "N. notopterus" "KL" "LW" 50 0 0 0 0 0 0 0 0 10 0 0 0 20 5 0 0 0 0 0 0 0 0 0 0 0 0 0 0 0
"405" "N. notopterus" "CT" "LW" 0 0 0 5 0 10 15 0 10 10 0 0 0 5 0 0 0 0 0 5 0 0 0 0 0 0 0 0 0 0
"406" "N. notopterus" "CT" "LW" 0 0 0 5 0 10 10 0 0 5 0 0 0 0 0 0 0 0 0 0 0 0 0 0 0 0 0 0 0 0
"407" "N. notopterus" "CT" "LW" 10 0 10 5 0 5 10 0 10 3 0 0 0 0 0 0 0 0 0 0 0 0 0 0 0 0 0 0 0 0
"408" "N. notopterus" "CT" "LW" 10 0 0 5 0 10 20 0 5 35 0 0 0 20 0 0 0 0 0 0 0 0 0 0 0 0 0 0 0 0
"409" "N. notopterus" "CT" "LW" 0 0 0 5 0 0 15 15 5 48 0 0 0 15 0 0 0 0 0 0 0 0 0 0 0 0 0 0 0 0
"410" "N. notopterus" "CT" "LW" 30 0 0 5 0 10 0 0 20 15 0 0 0 5 0 0 0 0 0 20 0 0 0 0 0 0 0 0 0 0
"411" "N. notopterus" "CT" "LW" 0 0 0 5 0 20 15 0 5 30 0 0 0 25 0 0 0 0 0 0 0 0 0 0 0 0 0 0 0 0
"412" "N. notopterus" "CT" "LW" 0 0 0 0 0 0 0 0 0 0 0 0 0 0 0 0 0 0 0 0 0 0 0 0 0 0 0 0 0 0
"413" "N. notopterus" "CT" "LW" 5 0 0 5 0 15 3 0 0 0 0 0 0 0 0 0 0 0 0 0 0 0 0 0 0 0 0 0 0 0
"414" "N. notopterus" "CT" "LW" 0 0 5 10 0 5 15 0 0 5 0 0 0 0 0 0 0 0 0 0 0 0 0 0 0 0 0 0 0 0
"415" "N. notopterus" "CT" "LW" 0 0 0 5 0 0 10 0 20 35 0 0 0 30 0 0 0 0 0 10 0 0 0 0 0 0 0 0 0 0
"416" "N. notopterus" "CT" "LW" 5 0 0 5 0 20 0 0 0 45 0 0 0 45 0 0 0 0 0 0 0 0 0 0 0 0 0 0 0 0
"417" "N. notopterus" "CT" "LW" 10 0 0 5 0 0 20 0 0 10 0 0 0 20 0 0 0 0 0 0 0 0 0 0 0 0 0 0 0 0
"418" "N. notopterus" "CT" "LW" 0 0 0 5 0 20 15 0 10 30 0 0 0 40 0 0 0 0 0 0 0 0 0 0 0 0 0 0 0 0
"419" "N. notopterus" "CT" "LW" 15 0 5 5 0 10 10 0 5 20 0 0 0 35 0 0 0 0 0 0 0 0 0 0 0 0 0 0 0 0
"420" "N. notopterus" "CT" "LW" 0 0 0 0 0 0 0 0 0 0 0 0 0 5 0 0 0 0 0 0 0 0 0 0 0 0 0 0 0 0
"421" "N. notopterus" "CT" "LW" 0 0 0 5 0 0 15 10 0 5 0 0 0 10 0 0 0 0 0 0 0 0 0 0 0 0 0 0 0 0
"422" "N. notopterus" "CT" "LW" 0 0 0 5 0 10 20 0 0 35 0 0 0 0 0 0 0 0 0 0 0 0 0 0 0 0 0 0 0 0
"423" "N. notopterus" "CT" "LW" 20 0 0 0 0 0 8 0 0 3 0 0 0 0 0 0 0 0 0 10 0 0 0 0 0 0 0 0 0 0
"424" "N. notopterus" "CT" "LW" 0 0 0 5 0 15 30 0 20 30 0 0 0 20 0 0 0 0 0 10 0 0 0 0 0 0 0 0 0 0
"425" "N. notopterus" "BC" "LW" 10 0 0 0 0 0 0 0 0 15 0 10 0 20 5 0 0 0 0 0 0 0 0 0 30 0 0 0 0 0
"426" "N. notopterus" "BC" "LW" 0 0 0 0 0 0 0 0 0 20 0 10 0 0 0 0 0 0 0 0 0 0 0 0 70 0 0 0 0 0
"427" "N. notopterus" "BC" "LW" 0 0 0 0 0 0 0 0 0 20 0 10 0 50 0 0 0 0 0 0 0 0 0 0 24 0 0 0 0 0
"428" "N. notopterus" "BC" "LW" 0 0 0 0 0 0 0 0 0 10 0 20 0 0 0 0 0 0 0 0 0 0 0 0 30 0 0 0 0 0
"429" "N. notopterus" "BC" "LW" 0 0 0 0 0 0 20 0 0 10 0 10 0 0 0 0 0 0 0 0 0 0 0 0 60 0 0 0 0 0
"430" "N. notopterus" "BC" "LW" 0 0 0 0 0 0 0 0 0 20 0 20 0 30 0 0 0 0 0 10 0 0 0 0 50 0 0 0 0 0
"431" "N. notopterus" "BC" "LW" 10 0 0 0 0 0 0 0 5 10 0 20 0 50 0 0 0 0 0 0 0 0 0 0 30 0 0 0 0 0
"432" "N. notopterus" "BC" "LW" 0 0 0 0 0 0 0 0 0 15 0 15 0 0 5 0 0 0 0 0 0 40 0 0 30 0 0 0 0 0
"433" "N. notopterus" "BC" "LW" 20 0 0 0 0 0 0 0 0 20 0 20 0 0 0 0 0 0 0 0 0 0 0 0 50 0 0 0 0 0
"434" "N. notopterus" "BC" "LW" 0 0 0 0 0 0 0 0 0 10 0 15 0 0 20 0 0 0 0 0 0 0 0 0 60 0 0 0 0 0
"435" "N. notopterus" "BC" "LW" 0 0 0 0 0 0 0 0 0 10 0 15 0 20 0 0 0 0 0 0 0 0 0 0 40 0 0 0 0 0
"436" "N. notopterus" "BC" "LW" 0 0 50 0 0 0 0 0 0 25 0 20 0 0 15 0 0 0 0 0 0 0 0 0 0 0 0 0 0 0
"437" "N. notopterus" "BC" "LW" 0 0 0 0 0 0 0 0 0 20 0 30 0 0 0 0 0 0 0 0 0 0 0 0 60 0 0 0 0 0
"438" "N. notopterus" "BC" "LW" 0 0 0 0 0 0 0 0 0 10 0 15 0 20 0 0 0 0 0 0 0 0 0 0 50 0 0 0 0 0
"439" "N. notopterus" "BC" "LW" 0 0 0 0 0 0 0 0 0 10 0 20 0 15 0 0 0 0 0 0 0 0 0 0 50 0 0 0 0 0
"440" "N. notopterus" "BC" "LW" 0 0 0 0 0 0 0 0 0 20 0 15 0 10 0 0 0 0 0 5 0 0 0 0 70 0 0 0 0 0
"441" "N. notopterus" "BC" "LW" 0 0 0 0 0 0 0 0 0 10 0 5 0 15 0 0 0 0 0 0 0 0 0 0 0 0 0 0 0 0
"442" "N. notopterus" "BC" "LW" 0 0 0 0 0 0 0 0 0 20 0 30 0 20 0 0 0 0 0 10 0 0 0 0 60 0 0 0 0 0
"443" "N. notopterus" "BC" "LW" 0 0 0 0 0 0 0 0 0 25 0 15 0 20 40 0 0 0 0 0 0 0 0 0 30 0 0 0 0 0
"444" "N. notopterus" "BC" "LW" 0 0 0 0 0 0 0 0 0 20 0 15 0 25 0 0 0 0 0 0 0 0 0 0 50 0 0 0 0 0
"445" "B. microplepis" "KL" "IW" 10 0 60 10 0 0 0 0 0 20 0 25 0 0 0 0 0 0 0 0 0 0 0 0 0 0 0 0 0 0
"446" "B. microplepis" "KL" "IW" 20 0 20 0 0 0 0 0 5 0 0 10 0 0 0 70 0 0 0 0 0 0 0 0 0 0 0 0 0 0
"447" "B. microplepis" "KL" "IW" 15 0 80 0 0 0 0 0 0 10 0 20 0 0 0 0 0 0 0 0 0 0 0 0 0 0 0 0 0 0
"448" "B. microplepis" "KL" "IW" 0 60 0 10 0 0 0 0 0 15 0 10 0 0 0 0 0 0 0 0 0 0 0 0 0 0 0 0 0 0
"449" "B. microplepis" "KL" "IW" 0 0 0 0 0 0 0 0 0 0 0 0 0 0 0 0 0 0 0 0 0 0 0 0 0 0 0 0 0 0
"450" "B. microplepis" "KL" "IW" 0 0 75 0 0 0 20 0 10 30 0 20 0 0 0 0 0 0 0 0 0 0 0 0 0 0 0 0 0 0
"451" "B. microplepis" "BC" "HW" 0 0 25 5 0 0 0 0 0 10 0 0 0 0 0 0 0 0 0 0 0 0 0 0 0 0 0 0 0 0
"452" "B. microplepis" "BC" "HW" 0 80 0 0 0 0 0 0 0 5 0 10 0 0 0 0 0 0 0 0 0 0 0 0 0 0 0 0 0 0
"453" "B. microplepis" "BC" "HW" 0 50 20 0 0 0 0 0 0 10 0 0 0 0 0 0 0 0 0 0 0 0 0 0 0 0 0 0 0 0
"454" "B. microplepis" "BC" "HW" 0 75 0 10 0 0 0 0 0 10 0 0 0 0 0 0 0 0 0 0 0 0 0 0 0 0 0 0 0 0
"455" "B. microplepis" "BC" "HW" 0 0 0 0 0 0 0 0 0 0 0 0 0 0 0 0 0 0 0 0 0 0 0 0 0 0 0 0 0 0
"456" "B. microplepis" "CK" "HW" 10 0 30 0 0 0 0 0 0 10 0 0 0 0 0 0 0 0 0 0 0 0 0 0 0 0 0 0 0 0
"457" "B. microplepis" "CK" "HW" 0 30 0 5 0 0 0 0 0 10 0 0 0 0 0 0 0 0 0 0 0 0 0 0 0 0 0 0 0 0
"458" "B. microplepis" "CK" "HW" 10 0 0 5 0 0 0 0 0 5 0 0 0 0 0 0 0 0 0 0 0 0 0 0 0 0 0 0 0 0
"459" "B. microplepis" "CK" "HW" 0 0 5 10 0 0 0 0 0 20 0 0 0 0 0 0 0 0 0 0 0 0 0 0 0 0 0 0 0 0
"460" "B. microplepis" "CK" "HW" 0 0 0 0 0 0 0 0 0 0 0 0 0 0 0 0 0 0 0 0 0 0 0 0 0 0 0 0 0 0
"461" "B. microplepis" "CK" "HW" 0 50 0 0 0 0 0 0 5 10 0 15 0 0 0 0 0 0 0 0 0 0 0 0 0 0 0 0 0 0
"462" "B. microplepis" "CK" "HW" 0 30 50 10 0 0 0 0 0 10 0 0 0 0 0 0 0 0 0 0 0 0 0 0 0 0 0 0 0 0
"463" "B. microplepis" "CK" "HW" 5 0 0 10 0 0 0 0 0 10 0 10 0 0 0 0 0 0 0 0 0 0 0 0 0 0 0 0 0 0
"464" "B. microplepis" "CK" "HW" 0 0 0 0 0 0 0 0 0 0 0 0 0 0 0 0 0 0 0 0 0 0 0 0 0 0 0 0 0 0
"465" "B. microplepis" "CK" "HW" 15 0 0 5 0 0 0 0 0 5 0 0 0 0 0 0 0 0 0 0 0 0 0 0 0 0 0 0 0 0
"466" "B. microplepis" "CK" "HW" 20 0 0 10 0 0 0 0 0 10 0 0 0 0 0 0 0 0 0 0 0 0 0 0 0 0 0 0 0 0
"467" "B. microplepis" "CT" "HW" 20 0 70 5 0 0 0 0 0 5 0 0 0 0 0 0 0 0 0 0 0 0 0 0 0 0 0 0 0 0
"468" "B. microplepis" "CT" "HW" 0 60 0 5 0 0 10 0 0 15 0 20 0 0 0 0 0 0 0 0 0 0 0 0 0 0 0 0 0 0
"469" "B. microplepis" "CT" "HW" 0 50 0 0 0 0 0 0 0 10 0 5 0 0 0 0 0 0 0 0 0 0 0 0 0 0 0 5 0 0
"470" "B. microplepis" "CT" "HW" 0 40 0 5 0 0 0 0 0 20 0 0 0 0 0 0 0 0 0 0 0 0 0 0 0 0 0 0 0 0
"471" "B. microplepis" "CT" "HW" 0 80 15 0 0 0 10 0 0 10 0 10 0 0 0 0 0 0 0 0 0 0 0 0 0 0 0 0 0 0
"472" "B. microplepis" "CT" "HW" 0 30 20 0 0 0 20 0 0 10 0 0 0 0 0 0 0 0 0 0 0 0 0 0 0 0 0 0 0 0
"473" "B. microplepis" "CT" "HW" 5 0 5 10 0 0 0 0 0 10 0 0 0 0 0 0 0 0 0 0 0 0 0 0 0 0 0 0 0 0
"474" "B. microplepis" "CT" "HW" 0 0 20 10 0 0 30 0 0 15 0 0 0 0 0 0 0 0 0 0 0 0 0 0 0 0 0 0 0 0
"475" "B. microplepis" "CT" "HW" 15 0 0 0 0 0 0 0 0 5 0 5 0 0 0 0 0 0 0 0 0 0 0 0 0 0 0 0 0 0
"476" "B. microplepis" "CT" "HW" 0 30 5 20 0 0 0 0 0 20 0 0 0 0 0 0 0 0 0 0 0 0 0 0 0 0 0 0 0 0
"477" "B. microplepis" "CT" "HW" 0 50 0 10 0 0 0 0 6 10 0 0 0 0 0 0 0 0 0 0 0 0 0 0 0 0 0 0 0 0
"478" "B. microplepis" "CT" "HW" 0 0 50 10 0 0 0 0 0 5 0 0 0 0 0 0 0 0 0 0 0 0 0 0 0 0 0 0 0 0
"479" "B. microplepis" "CT" "HW" 0 70 5 10 0 0 0 0 0 15 0 0 0 0 0 0 0 0 0 0 0 0 0 0 0 0 0 0 0 0
"480" "B. microplepis" "CT" "HW" 0 70 0 15 0 0 0 0 0 10 0 5 0 0 0 0 0 0 0 0 0 0 0 0 0 0 0 0 0 0
"481" "B. microplepis" "CT" "HW" 0 0 0 0 0 0 0 0 0 0 0 0 0 0 0 0 0 0 0 0 0 0 0 0 0 0 0 0 0 0
"482" "B. microplepis" "KL" "DW" 0 0 30 15 5 5 0 0 0 0 0 0 0 0 0 0 0 0 0 0 0 0 0 0 0 0 0 0 0 0
"483" "B. microplepis" "KL" "DW" 0 35 0 10 5 5 0 0 0 0 0 0 0 0 0 0 0 0 0 0 0 0 0 0 0 0 0 0 0 0
"484" "B. microplepis" "KL" "DW" 0 0 0 0 0 0 0 0 0 0 0 0 0 0 0 0 0 0 0 0 0 0 0 0 0 0 0 0 0 0
"485" "B. microplepis" "KL" "DW" 0 0 0 0 0 0 0 0 0 0 0 0 0 0 0 0 0 0 0 0 0 0 0 0 0 0 0 0 0 0
"486" "B. microplepis" "KL" "DW" 0 55 30 5 0 10 10 0 0 15 0 0 0 0 0 0 0 0 0 0 0 0 0 0 0 0 0 0 0 0
"487" "B. microplepis" "KL" "DW" 0 60 0 10 5 5 0 0 0 3 0 0 0 0 0 0 0 0 0 0 0 0 0 0 0 0 0 0 0 0
"488" "B. microplepis" "KL" "DW" 20 0 0 0 0 10 0 0 0 0 0 0 0 0 0 0 0 0 0 0 0 0 0 0 0 0 0 0 0 0
"489" "B. microplepis" "KL" "DW" 0 0 0 0 0 0 0 0 0 0 0 0 0 0 0 0 0 0 0 0 0 0 0 0 0 0 0 0 0 0
"490" "B. microplepis" "KL" "DW" 0 50 0 0 10 10 0 0 0 0 0 0 0 0 0 0 0 0 0 0 0 0 0 0 0 0 0 0 0 0
"491" "B. microplepis" "KL" "DW" 0 0 5 5 0 0 0 0 0 0 0 0 0 0 0 0 0 0 0 0 0 0 0 0 0 0 0 0 0 0
"492" "B. microplepis" "KL" "DW" 0 0 0 0 0 0 0 0 0 0 0 0 0 0 0 0 0 0 0 0 0 0 0 0 0 0 0 0 0 0
"493" "B. microplepis" "KL" "DW" 0 0 0 0 0 0 0 0 0 0 0 0 0 0 0 0 0 0 0 0 0 0 0 0 0 0 0 0 0 0
"494" "B. microplepis" "KL" "DW" 0 0 0 10 0 10 5 0 0 0 0 0 0 0 0 0 0 0 0 0 0 0 0 0 0 0 0 0 0 0
"495" "B. microplepis" "KL" "DW" 0 0 0 5 0 5 0 0 0 0 0 0 0 0 0 0 0 0 0 0 0 0 0 0 0 0 0 0 0 0
"496" "B. microplepis" "KL" "DW" 0 0 0 0 0 0 0 0 0 0 0 0 0 0 0 0 0 0 0 0 0 0 0 0 0 0 0 0 0 0
"497" "B. microplepis" "KL" "DW" 20 0 0 10 5 10 0 0 0 5 0 0 0 0 0 0 0 0 0 0 0 0 0 0 0 0 0 0 0 0
"498" "B. microplepis" "KL" "DW" 0 0 0 0 0 0 0 0 0 0 0 0 0 0 0 0 0 0 0 0 0 0 0 0 0 0 0 0 0 0
"499" "B. microplepis" "BC" "DW" 0 0 0 15 0 5 0 0 0 0 0 0 0 0 0 0 0 0 0 0 0 0 0 0 0 0 0 0 0 0
"500" "B. microplepis" "BC" "DW" 10 0 0 10 5 5 30 0 0 20 0 0 0 0 0 0 0 0 0 0 0 0 0 0 0 0 0 0 0 0
"501" "B. microplepis" "BC" "DW" 0 0 0 15 0 5 0 0 0 10 0 0 0 0 0 0 0 0 0 0 0 0 0 0 0 0 0 0 0 0
"502" "B. microplepis" "BC" "DW" 5 0 0 10 0 5 20 0 0 15 0 0 0 0 0 0 0 0 0 5 0 0 0 0 0 0 0 0 0 0
"503" "B. microplepis" "BC" "DW" 0 50 0 5 0 0 20 0 3 5 0 10 0 0 0 0 0 0 0 0 0 0 0 0 0 0 0 0 0 0
"504" "B. microplepis" "BC" "DW" 0 30 0 10 0 0 20 0 0 15 0 10 0 0 0 0 0 0 0 10 0 0 0 0 0 0 0 0 0 0
"505" "B. microplepis" "BC" "DW" 0 0 0 3 0 5 20 0 50 10 0 0 0 0 0 0 0 0 0 0 0 0 0 0 0 0 0 0 0 0
"506" "B. microplepis" "BC" "DW" 0 50 0 5 0 0 15 0 0 20 0 0 0 0 0 0 0 0 0 0 0 0 0 0 0 0 0 0 0 0
"507" "B. microplepis" "CT" "DW" 25 0 0 0 0 0 0 0 0 5 0 0 0 0 0 0 0 0 0 0 0 0 0 0 0 0 0 0 10 0
"508" "B. microplepis" "CT" "DW" 0 0 0 0 0 0 0 0 0 0 0 0 0 0 0 0 0 0 0 0 0 0 0 0 0 0 0 0 0 0
"509" "B. microplepis" "CT" "DW" 0 0 0 5 0 5 0 0 0 0 0 0 0 0 0 0 0 0 0 0 0 0 0 0 0 0 0 0 0 0
"510" "B. microplepis" "CT" "DW" 0 0 0 0 0 0 0 0 0 0 0 0 0 0 0 0 0 0 0 0 0 0 0 0 0 0 0 0 0 0
"511" "B. microplepis" "CT" "DW" 0 0 0 0 0 0 0 0 0 0 0 0 0 0 0 0 0 0 0 0 0 0 0 0 0 0 0 0 0 0
"512" "B. microplepis" "CT" "DW" 5 0 0 10 0 10 0 0 0 3 0 0 0 0 0 0 0 0 0 0 0 0 0 0 0 0 0 0 0 0
"513" "B. microplepis" "CT" "DW" 0 0 0 0 0 0 0 0 0 0 0 0 0 0 0 0 0 0 0 0 0 0 0 0 0 0 0 0 0 0
"514" "B. microplepis" "CT" "DW" 20 0 0 10 0 10 0 0 0 5 0 0 0 0 0 0 0 0 0 0 0 0 0 0 0 0 0 0 0 0
"515" "B. microplepis" "CT" "DW" 0 0 0 0 0 0 0 0 0 0 0 0 0 0 0 0 0 0 0 0 0 0 0 0 0 0 0 0 0 0
"516" "B. microplepis" "CT" "DW" 0 90 0 0 0 0 0 0 0 0 0 0 0 0 0 0 0 0 0 0 0 0 0 0 0 0 0 0 0 0
"517" "B. microplepis" "CT" "DW" 0 45 0 5 0 5 0 0 0 10 0 0 0 0 0 0 0 0 0 0 0 0 0 0 0 0 0 0 0 0
"518" "B. microplepis" "CT" "DW" 15 0 0 10 0 30 0 0 0 0 0 0 0 0 0 0 0 0 0 0 0 0 0 0 0 0 0 0 0 0
"519" "B. microplepis" "CT" "DW" 0 0 0 0 0 0 0 0 0 0 0 0 0 0 0 0 0 0 0 0 0 0 0 0 0 0 0 0 0 0
"520" "B. microplepis" "CT" "DW" 0 0 0 0 0 0 0 0 0 0 0 0 0 0 0 0 0 0 0 0 0 0 0 0 0 0 0 0 0 0
"521" "B. microplepis" "CT" "DW" 5 0 0 15 10 10 5 0 0 0 0 0 0 0 0 0 0 0 0 0 0 0 0 0 0 0 0 0 0 0
"522" "B. microplepis" "CT" "DW" 0 0 0 0 0 0 0 0 0 0 0 0 0 0 0 0 0 0 0 0 0 0 0 0 0 0 0 0 0 0
"523" "B. microplepis" "CT" "DW" 0 0 0 0 0 0 0 0 0 0 0 0 0 0 0 0 0 0 0 0 0 0 0 0 0 0 0 0 0 0
"524" "B. microplepis" "CT" "DW" 0 75 0 10 0 10 0 0 0 5 0 0 0 0 0 0 0 0 0 0 0 0 0 0 0 0 0 0 0 0
"525" "B. microplepis" "CT" "DW" 5 0 0 5 0 0 0 0 0 0 0 0 0 0 0 0 0 0 0 0 0 0 0 0 0 0 0 0 0 0
"526" "B. microplepis" "CT" "DW" 15 0 0 5 0 5 0 0 0 0 0 0 0 0 0 0 0 0 0 0 0 0 0 0 0 0 0 0 0 0
"527" "B. microplepis" "CK" "DW" 0 90 0 0 0 0 0 0 0 5 0 10 0 0 0 0 0 0 0 0 0 0 0 0 0 0 0 0 0 0
"528" "B. microplepis" "CK" "DW" 0 60 10 0 0 0 0 0 15 20 0 0 0 0 0 0 0 0 0 0 0 0 0 0 0 0 0 0 0 0
"529" "B. microplepis" "CK" "DW" 20 0 0 0 0 0 10 0 0 10 0 0 0 0 0 0 0 0 0 0 0 0 0 0 0 0 0 0 0 0
"530" "B. microplepis" "CK" "DW" 0 0 0 0 0 0 50 0 0 10 0 0 0 0 0 0 0 0 0 0 0 0 0 0 0 0 0 0 0 0
"531" "B. microplepis" "CK" "DW" 0 0 0 0 0 0 0 0 0 10 0 0 0 0 0 0 0 0 0 0 0 0 0 0 0 0 0 0 0 0
"532" "B. microplepis" "CK" "DW" 15 0 60 0 0 0 10 0 0 10 0 0 0 0 0 0 0 0 0 0 0 0 0 0 0 0 0 0 0 0
"533" "B. microplepis" "CK" "DW" 0 0 20 0 0 0 20 0 0 5 0 0 0 0 0 0 0 0 0 0 0 0 0 0 0 0 0 0 0 0
"534" "B. microplepis" "CK" "DW" 0 80 0 0 0 0 0 0 0 0 0 0 0 0 0 0 0 0 0 0 0 0 0 0 0 0 0 0 0 0
"535" "B. microplepis" "CK" "DW" 0 80 0 0 0 0 0 0 0 10 0 0 0 0 0 0 0 0 0 0 0 0 0 0 0 0 0 0 0 0
"536" "B. microplepis" "CK" "DW" 0 0 0 0 0 0 0 0 0 10 0 0 0 0 0 5 0 0 0 0 0 0 0 0 0 0 0 0 0 0
"537" "B. microplepis" "CK" "DW" 0 95 0 0 0 0 0 0 0 5 0 0 0 0 0 0 0 0 0 0 0 0 0 0 0 0 0 0 0 0
"538" "B. microplepis" "CK" "DW" 0 50 0 0 0 0 0 0 10 10 0 20 0 0 0 0 0 0 0 0 0 0 0 0 0 0 0 0 0 0
"539" "B. microplepis" "CK" "DW" 0 30 0 0 0 0 0 0 0 10 0 0 0 0 0 0 0 0 0 0 0 0 0 0 0 0 0 0 0 0
"540" "B. microplepis" "CK" "DW" 0 90 0 0 0 0 0 0 0 10 0 0 0 0 0 0 0 0 0 0 0 0 0 0 0 0 0 0 0 0
"541" "B. microplepis" "CK" "DW" 10 0 0 0 0 0 0 0 0 5 0 10 0 0 0 0 0 0 0 0 0 0 0 0 0 0 0 0 0 0
"542" "B. microplepis" "CK" "DW" 15 0 60 0 0 0 0 0 0 10 0 0 0 0 0 0 0 0 0 0 0 0 0 0 0 0 0 0 0 0
"543" "B. microplepis" "CK" "DW" 10 0 0 0 0 0 0 0 0 5 0 0 0 0 0 0 0 0 0 0 0 0 0 0 0 0 0 0 0 0
"544" "B. microplepis" "CK" "DW" 20 0 0 0 0 0 0 0 0 5 0 0 0 0 0 0 0 0 0 0 0 0 0 0 0 0 0 0 0 0
"545" "B. microplepis" "CK" "DW" 0 70 0 0 0 0 0 0 0 10 0 5 0 0 0 0 0 0 0 0 0 0 0 0 0 0 0 0 0 0
"546" "B. microplepis" "CK" "DW" 0 90 0 0 0 0 0 0 0 10 0 0 0 0 0 0 0 0 0 0 0 0 0 0 0 0 0 0 0 0
"547" "B. microplepis" "CK" "LW" 0 60 0 0 0 0 0 0 0 10 0 0 0 0 0 0 0 0 0 0 0 0 0 0 0 0 0 0 0 0
"548" "B. microplepis" "CK" "LW" 0 50 30 0 0 0 0 0 0 10 0 0 0 0 0 0 0 0 0 0 0 0 0 0 0 0 0 0 0 0
"549" "B. microplepis" "CK" "LW" 0 60 0 0 0 0 0 0 0 30 0 0 0 0 0 0 0 0 0 0 0 0 0 0 0 0 0 0 0 0
"550" "B. microplepis" "CK" "LW" 0 30 50 0 0 0 0 0 0 10 0 0 0 0 0 0 0 0 0 0 0 0 0 0 0 0 0 0 0 0
"551" "B. microplepis" "CK" "LW" 0 55 30 0 0 0 0 0 0 10 0 0 0 0 0 0 0 0 0 0 0 0 0 0 0 0 0 0 0 0
"552" "B. microplepis" "CK" "LW" 0 0 70 0 0 0 0 0 0 10 0 0 0 0 0 0 0 0 0 0 0 0 0 0 0 0 0 0 0 0
"553" "B. microplepis" "CK" "LW" 0 0 60 0 0 0 0 0 0 10 0 0 0 0 0 0 0 0 0 0 0 0 0 0 0 0 0 0 0 0
"554" "B. microplepis" "CK" "LW" 0 40 30 0 0 0 0 0 0 10 0 0 0 0 0 0 0 0 0 0 0 0 0 0 0 0 0 0 0 0
"555" "B. microplepis" "CK" "LW" 15 0 50 0 0 0 0 0 0 10 0 0 0 0 0 0 0 0 0 0 0 0 0 0 0 0 0 0 0 0
"556" "B. microplepis" "CK" "LW" 0 40 0 0 0 0 0 0 0 10 0 0 0 0 0 0 0 0 0 0 0 0 0 0 0 0 0 0 0 0
"557" "B. microplepis" "CK" "LW" 0 50 30 0 0 0 0 0 0 15 0 0 0 0 0 0 0 0 0 0 0 0 0 0 0 0 0 0 0 0
"558" "B. microplepis" "CK" "LW" 0 30 45 0 0 0 0 0 0 10 0 0 0 0 0 0 0 0 0 0 0 0 0 0 0 0 0 0 0 0
"559" "B. microplepis" "CK" "LW" 0 0 60 0 0 0 0 0 0 10 0 0 0 0 0 0 0 0 0 0 0 0 0 0 0 0 0 0 0 0
"560" "B. microplepis" "CK" "LW" 0 70 0 0 0 0 0 0 0 10 0 0 0 0 0 0 0 0 0 0 0 0 0 0 0 0 0 0 0 0
"561" "B. microplepis" "CK" "LW" 0 0 30 0 0 0 0 0 0 10 0 0 0 0 0 0 0 0 0 0 0 0 0 0 0 0 0 0 0 0
"562" "B. microplepis" "CK" "LW" 0 0 0 10 0 0 0 0 0 10 0 0 0 0 0 0 0 5 0 0 0 0 0 0 0 0 0 0 0 0
"563" "B. microplepis" "CK" "LW" 0 0 50 0 0 0 0 0 0 20 0 0 0 0 0 0 0 0 0 0 0 0 0 0 0 0 0 0 0 0
"564" "B. microplepis" "CK" "LW" 0 50 0 0 0 0 0 0 0 10 0 0 0 0 0 0 0 0 0 0 0 0 0 0 0 0 0 0 0 0
"565" "B. microplepis" "CK" "LW" 0 70 0 0 0 0 0 0 0 10 0 0 0 0 0 0 0 0 0 0 0 0 0 0 0 0 0 0 0 0
"566" "B. microplepis" "CK" "LW" 0 40 25 0 0 0 0 0 0 10 10 0 0 0 0 0 0 0 0 0 0 0 0 0 0 0 0 0 0 0
"567" "B. microplepis" "CT" "LW" 0 75 10 3 0 5 0 0 10 0 0 0 0 0 0 0 0 0 0 0 0 0 0 0 0 0 0 0 0 0
"568" "B. microplepis" "CT" "LW" 5 0 0 5 0 0 0 0 0 0 0 0 0 0 0 0 0 0 0 0 0 0 0 0 0 0 0 0 0 0
"569" "B. microplepis" "CT" "LW" 0 0 0 10 0 10 0 0 0 0 0 0 0 0 0 0 0 0 0 0 0 0 0 0 0 0 0 0 0 0
"570" "B. microplepis" "CT" "LW" 0 55 0 10 0 5 0 0 0 0 0 0 0 0 0 0 0 0 0 0 0 0 0 0 0 0 0 0 0 0
"571" "B. microplepis" "CT" "LW" 0 50 0 5 0 0 0 0 0 0 0 0 0 0 0 0 0 0 0 0 0 0 0 0 0 0 0 0 0 0
"572" "B. microplepis" "CT" "LW" 0 80 0 5 0 5 0 0 0 0 10 0 0 0 0 0 0 0 0 0 0 0 0 0 0 0 0 0 0 0
"573" "B. microplepis" "CT" "LW" 10 0 20 5 0 0 0 0 0 0 0 0 0 0 0 0 0 0 0 0 0 0 0 0 0 0 0 0 0 0
"574" "B. microplepis" "CT" "LW" 0 70 0 10 0 5 0 0 0 5 0 0 0 0 0 0 0 0 0 0 0 0 0 0 0 0 0 0 0 0
"575" "B. microplepis" "CT" "LW" 0 0 15 10 0 10 0 0 0 0 0 0 0 0 0 0 0 0 0 0 0 0 0 0 0 0 5 0 0 0
"576" "B. microplepis" "CT" "LW" 5 0 0 10 0 5 0 0 0 0 0 0 0 0 0 0 0 0 0 0 0 0 0 0 0 0 0 0 0 0
"577" "B. microplepis" "CT" "LW" 0 0 0 5 0 0 0 0 0 5 0 0 0 0 0 0 0 0 0 0 0 0 0 0 0 0 0 0 0 0
"578" "B. microplepis" "CT" "LW" 0 0 0 0 0 0 0 0 0 0 0 0 0 0 0 0 0 0 0 0 0 0 0 0 0 0 0 0 0 0
"579" "B. microplepis" "CT" "LW" 5 0 65 5 0 0 0 0 0 0 0 0 0 0 0 0 0 0 0 0 0 0 0 0 0 0 0 0 0 0
"580" "B. microplepis" "CT" "LW" 0 0 25 3 0 5 0 0 0 0 0 0 0 0 0 0 0 0 0 0 0 0 0 0 0 0 0 0 0 0
"581" "B. microplepis" "CT" "LW" 0 0 0 3 0 5 0 0 0 0 0 0 0 0 0 0 0 0 0 0 0 0 0 0 0 0 0 0 0 0
"582" "B. microplepis" "CT" "LW" 0 0 0 5 0 10 0 0 5 0 0 0 0 0 0 0 0 0 0 0 0 0 0 0 0 0 0 0 0 0
"583" "B. microplepis" "CT" "LW" 0 0 5 5 0 5 0 0 0 0 0 0 0 0 0 0 0 0 0 0 0 0 0 0 0 0 0 0 0 0
"584" "B. microplepis" "CT" "LW" 15 0 15 10 0 5 0 0 0 0 0 0 0 0 0 0 0 0 0 0 0 0 0 0 0 0 0 0 0 0
"585" "B. microplepis" "CT" "LW" 0 0 0 5 0 5 0 0 0 0 0 0 0 0 0 0 0 0 0 0 0 0 0 0 0 0 0 0 0 0
"586" "B. microplepis" "CT" "LW" 15 0 0 5 0 0 0 0 0 0 0 0 0 0 0 0 0 0 0 0 0 0 0 0 0 0 0 0 0 0
"587" "B. microplepis" "CT" "LW" 0 0 15 10 0 5 0 0 10 0 0 0 0 0 0 0 0 0 0 0 0 0 0 0 0 0 0 0 0 0
"588" "B. microplepis" "CT" "LW" 10 0 0 10 0 5 0 0 0 0 0 0 0 0 0 0 0 0 0 0 0 0 0 0 0 0 0 0 0 0
"589" "B. microplepis" "CT" "LW" 0 25 0 3 0 5 0 0 5 0 0 0 0 0 0 0 0 0 0 0 0 0 0 0 0 0 0 0 0 0
"590" "B. microplepis" "CT" "LW" 0 0 0 5 0 5 0 0 0 0 0 0 0 0 0 0 0 0 0 0 0 0 0 0 0 0 0 0 0 0
"591" "B. microplepis" "KL" "LW" 10 0 0 5 0 5 0 0 0 5 0 0 0 0 0 0 0 0 0 0 0 0 0 0 0 0 0 0 0 0
"592" "B. microplepis" "KL" "LW" 10 0 0 5 0 5 0 0 0 0 0 0 0 0 0 0 0 0 0 0 0 0 0 0 0 0 0 0 0 0
"593" "B. microplepis" "KL" "LW" 10 0 0 10 0 5 0 5 0 5 0 0 0 0 0 0 0 0 0 0 0 0 0 0 0 0 0 0 0 0
"594" "B. microplepis" "KL" "LW" 5 0 0 5 0 5 0 0 0 10 0 0 0 0 0 0 0 5 0 0 0 0 0 0 0 0 0 0 0 0
"595" "B. microplepis" "KL" "LW" 5 0 0 15 0 5 0 0 0 0 0 0 0 0 0 0 0 0 0 0 0 0 0 0 0 0 0 0 0 0
"596" "B. microplepis" "KL" "LW" 10 0 0 10 0 5 0 0 0 10 0 0 0 0 0 0 0 0 0 0 0 0 0 0 0 0 0 0 0 0
"597" "B. microplepis" "KL" "LW" 0 0 5 10 0 5 0 0 0 5 0 0 0 0 0 0 0 0 0 0 0 0 0 0 0 0 0 0 0 0
"598" "B. microplepis" "KL" "LW" 0 55 0 10 0 5 0 0 0 0 0 0 0 0 0 0 0 0 0 0 0 0 0 0 0 0 0 0 0 0
"599" "B. microplepis" "KL" "LW" 0 0 5 5 0 5 0 0 0 5 0 0 0 0 0 0 0 0 0 0 0 0 0 0 0 0 0 0 0 0
"600" "B. microplepis" "KL" "LW" 0 0 10 5 0 2 0 0 0 5 0 0 0 0 0 0 0 0 0 0 0 0 0 0 0 0 0 0 0 0
"601" "B. microplepis" "KL" "LW" 0 0 10 10 0 5 0 0 0 5 0 0 0 0 0 0 0 0 0 0 0 0 0 0 0 0 0 0 0 0
"602" "B. microplepis" "KL" "LW" 0 0 5 5 0 3 0 0 0 0 0 0 0 0 0 0 0 0 0 0 0 0 0 0 0 0 0 0 0 0
"603" "B. microplepis" "KL" "LW" 0 0 0 15 0 10 0 0 0 0 0 0 0 0 0 0 0 0 0 0 0 0 0 0 0 0 0 0 0 0
"604" "B. microplepis" "KL" "LW" 10 0 5 10 0 5 0 0 0 10 0 0 0 0 0 0 0 0 0 0 0 0 0 0 0 0 0 0 0 0
"605" "B. microplepis" "KL" "LW" 0 0 5 3 0 5 0 0 0 0 0 0 0 0 0 0 0 0 0 0 0 0 0 0 0 0 0 0 0 0
"606" "B. microplepis" "KL" "LW" 0 25 0 7 0 5 0 0 0 0 0 0 0 0 0 0 0 0 0 0 0 0 0 0 0 0 0 0 0 0
"607" "B. microplepis" "BC" "LW" 0 0 5 20 0 10 0 0 0 0 0 0 0 0 0 0 0 0 0 0 0 0 0 0 0 0 0 0 0 0
"608" "B. microplepis" "BC" "LW" 0 0 0 15 0 5 0 0 0 0 0 0 0 0 0 0 0 0 0 0 0 0 0 0 0 0 0 0 0 0
"609" "B. microplepis" "BC" "LW" 0 0 5 10 0 10 0 0 0 0 0 0 0 0 0 0 0 0 0 0 0 0 0 0 0 0 0 0 0 0
"610" "B. microplepis" "BC" "LW" 0 30 5 25 0 10 0 0 0 0 0 0 0 0 0 0 0 0 0 0 0 0 0 0 0 0 0 0 0 0
"611" "B. microplepis" "BC" "LW" 5 0 10 15 0 10 0 0 0 10 0 0 0 0 0 0 0 0 0 10 0 0 0 0 0 0 0 0 0 0
"612" "B. microplepis" "BC" "LW" 5 0 0 15 0 10 0 0 0 0 0 0 0 0 0 0 0 0 0 0 0 0 0 0 0 0 0 0 0 0
"613" "B. microplepis" "BC" "LW" 20 0 10 15 0 5 0 0 0 0 0 0 0 0 0 0 0 0 0 0 0 0 0 0 0 0 0 0 0 0
"614" "B. microplepis" "BC" "LW" 5 0 5 10 0 10 0 0 0 5 0 0 0 0 0 0 0 0 0 0 0 0 0 0 0 0 0 0 0 0
"615" "B. microplepis" "BC" "LW" 20 0 0 15 0 10 0 0 0 5 0 0 0 0 0 0 0 0 0 0 0 0 0 0 0 0 0 0 0 0
"616" "B. microplepis" "BC" "LW" 5 0 10 10 0 10 0 0 0 5 0 0 0 0 0 0 0 0 0 0 0 0 0 0 0 0 0 0 0 0
"617" "B. microplepis" "BC" "LW" 0 55 0 10 0 5 0 0 0 0 0 0 0 0 0 0 0 0 0 0 0 0 0 0 0 0 0 0 0 0
"618" "B. microplepis" "BC" "LW" 5 0 10 20 0 10 0 0 0 0 0 0 0 0 0 0 0 0 0 0 0 0 0 0 0 0 0 0 0 0
"619" "B. microplepis" "BC" "LW" 20 0 5 20 0 5 0 0 0 10 0 0 0 0 0 0 0 0 0 0 0 0 0 0 0 0 0 0 0 0
"620" "B. microplepis" "BC" "LW" 5 0 5 10 0 10 0 0 0 10 0 0 0 0 0 0 0 0 0 0 0 0 0 0 0 0 0 0 0 0
"621" "B. microplepis" "BC" "LW" 0 50 0 15 0 10 0 0 10 0 0 0 0 0 0 0 0 0 0 0 0 0 0 0 0 0 0 0 0 0
"622" "B. microplepis" "BC" "LW" 0 0 15 20 0 10 0 0 0 0 0 0 0 0 0 0 0 0 0 0 0 0 0 0 0 0 1 0 0 0
"623" "B. microplepis" "BC" "LW" 15 0 10 15 0 5 0 0 0 0 0 0 0 0 0 0 0 0 0 0 0 0 0 0 0 0 0 0 0 0
